703
642
548
517
521
530
533
530
532
566
523
526
524
521
521
523
565
534
524
524
519
526
534
535
550
538
532
533
531
530
527
561
533
543
532
534
529
532
543
542
531
529
543
533
531
534
531
527
528
529
539
531
514
547
525
526
522
533
535
518
535
520
525
523
520
520
518
525
544
538
531
548
532
529
535
565
528
525
529
532
533
530
549
534
522
532
532
529
529
528
542
529
528
538
537
536
518
548
522
512
506
523
513
513
514
528
515
529
508
505
514
512
527
515
520
548
508
500
508
507
529
507
508
497
503
497
502
507
522
503
499
507
508
509
512
535
519
524
518
514
511
513
512
546
517
521
520
508
487
491
489
508
503
507
516
509
515
515
521
511
512
499
495
489
478
480
509
484
545
540
849
645
615
599
591
545
556
607
594
646
572
623
593
590
543
502
530
488
470
482
461
458
483
454
493
455
458
489
471
496
472
468
510
468
497
471
495
468
470
490
464
517
461
464
489
465
475
490
466
479
487
465
460
463
461
462
460
464
453
460
472
459
462
462
462
498
488
466
464
461
472
485
463
467
471
450
473
453
449
452
468
462
481
468
454
462
474
482
512
489
481
515
493
528
496
488
473
467
499
8178
489
482
7437
479
7550
569
7338
477
7489
474
7446
473
7495
463
7450
466
7487
475
7478
469
7406
470
7544
527
7410
496
7437
506
7447
546
7357
547
7372
490
502
7416
467
7467
448
7501
448
7473
471
7474
451
7493
451
7515
453
7475
476
7486
451
7490
468
7467
469
7470
489
7480
461
7461
460
7481
462
7488
481
469
7451
492
7435
462
7495
469
7462
461
7532
507
7404
465
7478
461
7474
469
7485
465
7421
479
7518
495
7456
466
7481
463
7475
465
7483
494
468
7460
522
7463
487
7382
479
7436
486
7445
509
7439
472
7459
482
7434
457
7487
488
7450
468
7484
497
7450
496
7433
600
7322
485
7449
470
7473
474
467
7474
473
7453
493
7444
469
7470
466
7487
465
7510
471
7433
469
7488
463
7488
475
7477
467
7451
465
7497
467
7464
470
7469
469
11481
461
11483
491
461
7467
446
11465
441
11519
483
11455
471
7462
471
11471
477
7463
475
11465
476
11457
501
11530
788
11039
498
7438
484
11449
496
7440
496
11447
464
465
11473
494
7436
7978
502
11456
476
11459
473
11456
465
7475
463
11477
462
11495
466
11468
469
11477
498
7467
541
11372
510
11414
509
11427
534
7395
508
523
11400
493
11411
480
11482
480
7464
517
11366
486
11451
485
11470
489
11413
468
7464
456
11492
474
11545
830
7105
752
11096
508
11423
486
11451
487
11453
505
477
11436
465
11472
473
11591
744
7067
503
11440
477
11457
467
7477
467
11510
499
11412
494
11445
533
7404
502
11450
508
11394
486
11449
476
7461
477
11412
478
467
11497
449
11502
479
11623
730
7041
473
11488
476
11459
496
7424
7970
484
11449
496
11459
508
7436
507
11421
538
11372
534
11388
504
11436
500
7422
492
507
11404
490
11465
483
7438
515
11427
506
11430
489
11464
492
7445
503
11420
501
11423
505
7436
506
11443
497
11447
519
7394
497
11453
497
11439
501
491
7426
460
11463
460
11476
460
11489
8091
763
11038
477
11439
468
11468
467
11475
501
11447
512
11367
488
7504
512
11508
755
11100
480
11462
478
11464
477
466
11455
469
11482
501
11468
476
11438
483
11482
501
11431
481
11462
477
11468
479
11467
466
11474
481
11458
481
11469
485
7462
512
11415
482
11460
486
11458
500
476
11413
449
11494
454
11506
452
11478
454
11522
494
7423
457
11486
7963
456
11498
471
11476
507
7436
7970
478
11463
474
11479
499
11435
486
11452
477
11468
484
497
11422
473
11469
477
11460
475
7486
476
11469
488
11463
474
7449
511
11427
474
11476
511
7432
497
11446
476
11471
476
7470
510
11428
497
11446
487
486
11417
465
7499
467
11464
466
11500
469
11455
466
7498
500
11420
498
7433
7972
478
11479
492
11447
513
11437
490
7444
495
11451
663
11270
521
11416
496
481
11426
487
11488
493
7448
486
11444
495
11700
851
6824
526
11432
512
11400
499
11436
521
7416
500
11465
506
11416
495
11443
517
7429
521
11394
500
11452
496
467
11431
471
11480
467
11493
467
11455
471
7473
468
11486
475
11471
472
11452
486
11473
515
7421
487
11431
500
11464
490
11454
513
7436
505
11426
498
7387
488
490
11502
498
11442
516
11425
498
11441
489
11475
490
7451
500
11417
492
11449
498
7444
482
11480
491
11438
499
11436
489
11455
497
11475
506
11405
497
467
7438
472
11474
473
11462
463
11480
7972
7961
474
11445
464
11523
483
11436
485
7496
491
11436
502
11440
524
7410
524
11419
494
11449
493
7454
502
11437
486
484
11443
482
11447
491
7449
485
11481
494
11427
490
11469
502
11452
509
11423
498
11446
494
7445
501
11448
497
11447
488
11454
508
11442
485
11459
520
11406
477
473
11445
468
11482
493
11449
489
11470
467
11459
465
11601
711
11102
495
11457
491
11452
493
11450
7963
7971
7970
7973
7972
7966
7961
7971
7975
7959
7915
492
8018
7945
7992
7980
7954
7942
7969
7962
7993
7947
7960
7969
7981
7952
7975
7961
508
11430
7961
490
11455
491
11452
485
11455
491
7455
488
11456
7972
487
472
11432
467
11473
467
11476
489
11452
472
11469
491
7448
465
11489
465
11495
502
11435
490
7461
497
11425
500
11447
508
7431
514
11430
491
11451
577
7357
524
489
11408
498
11446
517
11413
488
11454
495
11395
489
7504
487
11704
882
6965
526
11240
532
11398
501
11458
497
11430
499
11442
521
7413
506
11445
746
11180
483
467
11446
497
7449
491
11447
467
11476
471
11477
481
7453
500
11568
778
471443
881
843
801
994
803
808
775
782
984
780
782
770
575
510
507
502
498
497
493
497
494
504
503
500
501
496
505
501
499
522
511
513
512
512
509
504
8732
507
7430
511
507
7455
519
7501
521
7386
504
7374
508
7452
501
7453
510
7430
505
7412
492
7436
491
7457
488
7451
509
7431
503
7442
514
7428
499
7436
501
7442
505
496
7503
535
7318
523
7446
533
7383
537
7389
519
7378
528
7450
518
7442
553
7362
546
7391
534
7389
534
7391
549
7390
532
7383
543
7400
517
506
7407
503
7441
515
7430
490
7429
489
7475
516
7401
507
7444
506
7407
532
7406
505
7429
503
7416
523
7434
542
7396
514
7417
516
7426
516
7425
570
517
7329
539
7402
508
7591
509
7277
514
7416
539
7393
510
7424
516
7437
514
7417
541
7392
507
7436
519
7428
522
7400
533
7406
510
7426
505
7430
509
493
7433
494
7415
479
7480
478
7445
500
7449
478
7446
475
473171
845
803
860
796
797
818
798
829
812
826
808
856
786
542
510
518
495
509
526
508
526
490
517
498
523
498
553
509
494
521
492
10025
501
7441
499
7447
498
7517
513
7385
505
7486
558
7387
532
7390
519
7419
516
7419
538
7399
508
7431
484
7450
485
477
7466
501
7418
503
7433
481
7468
477
7481
478
7458
545
7395
504
7418
506
7425
504
7440
500
7438
500
7433
498
7452
503
7432
502
7427
500
7448
520
507
7401
534
7440
524
7378
503
7410
496
7439
496
7445
492
7455
495
7447
491
7460
497
7448
494
7446
493
7452
488
7459
487
7450
472
7480
474
465
7463
467
7467
470
7495
473
7461
473
7471
471
7480
477
7479
485
7476
489
7446
531
7396
496
7439
496
11456
491
11452
487
11455
510
11438
503
11431
493
491
11434
516
11639
797
10928
500
11389
503
7494
494
11434
495
11487
498
7409
517
11427
497
11459
542
7372
519
11424
495
11445
495
7448
471
11471
474
11473
477
472
11400
469
11532
482
11466
482
7456
477
11449
485
11469
511
7424
513
11437
489
11452
489
11467
525
11402
531
7406
501
11438
481
11462
490
11449
518
487
7418
515
11439
493
11458
511
11425
498
11419
498
7432
491
11462
491
11468
494
11437
492
11444
496
7453
509
11437
493
11430
495
11443
505
7433
480
11475
474
473
11448
478
11467
475
11486
489
11458
479
7436
509
11446
502
11440
498
11461
497
7428
503
11436
498
11453
514
11367
498
7504
496
11427
494
11468
497
7421
498
7961
499
11457
497
11478
515
11377
522
7412
487
11439
493
11463
492
11594
872
7018
667
11156
505
11441
514
11414
514
11423
481
11446
480
7492
485
11438
478
474
11472
477
7469
481
11454
485
11436
498
7441
516
11434
493
11442
506
11431
490
11451
496
7447
488
11451
504
7454
497
11424
494
11449
519
11417
496
488
11444
513
7469
523
11365
491
11470
526
7397
513
11422
492
11450
495
11452
516
11417
516
11435
494
11458
495
11439
514
11412
477
11463
479
11462
499
7443
478
472
11462
7951
473
11484
473
11511
513
11405
517
11415
502
11434
491
11454
499
7439
494
11449
490
11454
487
11464
510
11416
520
11422
497
11445
496
11446
492
511
11418
509
11445
493
11431
487
11488
508
11401
497
11442
497
11443
519
11453
491
7417
7963
492
11454
498
11449
547
7393
7954
484
11458
478
11466
480
11461
481
483
11445
478
11457
471
11469
473
11493
496
11439
497
11446
494
11438
493
7447
498
11445
491
11447
494
7453
493
11475
506
11406
499
11441
521
7415
521
484
11406
493
11455
510
11431
491
11452
540
7400
501
7442
7963
500
11393
494
11500
495
11467
495
7421
512
11436
490
11458
514
7410
482
11456
479
11462
483
469
11447
473
11473
497
7449
496
11448
476
11488
510
11419
517
7420
512
11432
495
11445
492
11453
503
7431
511
11433
495
11452
510
11439
499
7420
520
11425
491
486
11441
515
11371
488
11514
488
11448
505
7460
524
11387
494
7469
496
11424
494
11447
513
11431
490
11454
513
11426
473
11474
494
11458
483
7438
503
11440
484
482
11743
848
6793
497
11460
489
11433
502
11456
534
7385
7969
506
11453
500
7411
518
11426
497
11443
497
11419
486
11491
513
11416
526
7410
499
7441
502
7938
492
11479
493
11430
491
11432
486
11477
490
11490
506
7414
499
11426
502
11458
501
7419
519
11421
492
11448
497
7435
485
11472
494
11434
480
11468
482
476
11445
474
7468
476
11495
476
11451
495
11466
514
7404
518
7415
519
11428
495
11441
518
11440
498
11432
491
7448
7967
493
11456
510
11422
523
11408
499
491
11439
491
11462
490
11443
496
11444
495
7449
499
11461
510
11410
521
11418
516
11426
493
11444
491
11453
495
11442
477
11469
478
7477
7952
487
11455
488
478
11442
479
11460
499
11463
476
428693
851
820
854
833
797
806
799
813
784
774
553
508
652
767
512
500
507
502
505
507
518
499
500
6915
493
7456
495
7458
502
7518
506
494
7433
508
7437
502
7435
505
7451
500
7438
494
7447
503
7447
501
7445
490
7438
483
7470
482
7465
484
7457
483
7469
486
7458
489
7453
481
486
7460
504
7457
502
7436
504
7444
504
7439
501
7476
510
7426
520
7407
510
7412
505
7444
507
7436
506
7434
505
7439
504
7496
884
10986
7946
7963
532
7939
7964
7977
8183
7759
7970
8225
7660
556
11404
537
11386
570
11393
587
11313
549
11392
551
7369
575
11362
558
11365
542
11399
562
11350
822
11087
599
7322
587
596
11316
576
11328
556
11378
541
7368
573
11397
572
11349
594
11403
625
7210
596
11334
578
11350
587
7340
575
11345
584
11353
579
11362
898
6987
628
558
11335
562
11314
600
11282
575
11389
563
11360
573
7337
7966
543
7404
560
11384
538
11412
587
11350
585
7317
7959
555
11396
548
11368
542
11387
555
7367
552
568
11367
540
11391
558
11478
591
7224
580
11346
559
11378
593
11357
598
11281
589
7332
566
11364
551
11377
568
7380
662
11262
577
11321
566
11388
628
549
11258
547
7393
553
11405
564
11344
571
7348
551
11400
585
11319
556
7399
562
11333
544
11389
550
11378
555
11374
572
7353
577
11354
567
11362
552
11386
639
551
11231
543
11423
552
11387
562
11368
565
11365
555
7363
553
11389
564
7474
672
11170
641
11294
7921
587
11304
540
11413
552
11371
563
11379
558
11334
896
734
10877
544
11357
540
11395
552
11409
538
11376
539
11427
537
11386
565
11401
608
11301
552
7354
573
11371
552
11336
549
11403
548
11384
558
11370
560
11375
912
874
10774
581
11209
578
11387
569
11346
545
11378
540
11386
541
7394
7965
532
11427
545
11386
539
11403
557
11378
564
11367
528
11408
566
11368
539
11402
572
545
7355
539
7401
533
11387
521
11420
551
7389
548
11391
527
11463
567
7356
7944
544
11404
555
11368
541
11416
853
7095
876
11010
551
11379
545
7391
553
560
7319
573
11445
571
11342
581
11356
559
11372
549
11377
549
11389
540
11428
533
7380
561
11397
598
11324
550
11368
543
11408
534
11402
557
7382
524
11416
526
524
7427
537
11390
533
11464
633
11349
611
11250
577
11359
567
7335
523
7416
569
7285
533
7483
528
7407
579
7313
545
7441
627
7284
559
7342
673
701
7245
575
7221
580
7357
606
7259
554
7362
533
7397
533
7403
523
7421
523
7411
516
7431
517
7431
521
7411
514
7454
616
7305
553
7383
513
7431
520
541
11675
794
10864
528
11404
553
7399
553
11387
531
11400
535
11447
554
7272
8030
541
11406
537
11392
541
7388
544
11397
516
11425
538
7396
551
11394
538
527
11426
571
7360
7945
572
11371
538
11392
532
11416
529
7414
523
7421
525
11397
528
11446
568
11352
549
11374
553
7381
542
11403
546
11392
531
7403
526
548
11396
528
11430
564
11370
528
11401
534
11413
533
11395
525
11394
508
11434
502
11447
524
7435
521
11402
516
11436
529
11406
511
11424
513
11432
522
11419
526
523
11405
544
7454
530
11364
529
11403
552
11408
587
11396
604
11293
580
11347
550
11381
544
11395
544
11388
535
11402
525
11416
523
11432
517
11412
545
509
11404
533
11430
543
11444
553
11312
551
11383
573
7342
543
11375
535
11396
570
11382
530
11391
517
11414
556
7380
514
11425
587
11302
556
11361
560
11375
552
516
11389
551
11384
522
11447
587
11291
542
11401
545
11414
545
11362
551
11342
541
7395
540
11400
513
11436
555
7402
862
11060
575
7340
546
11395
603
11315
524
517
7386
516
11430
518
11502
598
11354
588
11313
565
7318
555
11387
524
11410
543
7388
515
11431
506
11460
566
7339
550
11387
537
11388
549
11382
523
514
11398
513
11430
578
7354
534
11424
531
11399
516
11425
553
7397
572
11363
550
11378
536
11384
555
7404
630
11363
757
11170
622
11218
559
11356
559
11365
573
572
7314
7970
544
11394
530
11397
542
7378
530
11451
514
11362
523
11431
528
7395
532
11415
538
11384
530
11422
602
7292
537
11387
576
11377
595
11306
579
528
11360
549
11385
539
7386
536
11469
550
11286
526
11404
525
7411
517
11471
544
11355
522
11420
521
7414
514
11430
547
11396
524
11354
520
11483
517
11427
633
586
7275
534
11369
524
11518
804
7041
525
11394
500
11427
526
7402
516
11446
524
11412
530
7445
573
11254
542
11447
566
11331
558
11383
537
7399
531
525
11430
527
11398
519
11421
542
7487
653
11202
547
11365
543
7393
539
7391
7973
7960
526
11419
521
11420
555
11463
877
10982
589
11314
554
11378
561
11365
549
530
11386
570
7344
532
11402
576
11341
918
11077
537
11297
542
11389
540
11409
521
11409
517
11425
544
11423
523
422581
745
692
733
702
679
661
759
667
669
669
621
668
706
687
677
631
662
698
673
646
608
652
661
4748
626
7270
565
7367
551
536
7452
546
7399
546
7367
548
7387
530
7377
517
7428
531
7412
554
7390
555
7374
553
7391
551
7371
534
7406
514
7412
521
7412
509
7439
529
7400
539
522
7385
515
7417
521
7419
528
7438
530
7399
535
7389
533
11441
545
7365
550
7411
530
7379
541
7404
556
7390
543
7391
526
7421
522
11420
7966
7966
528
7936
7978
7964
8024
7952
7951
7957
537
11418
605
11435
7923
689
11184
600
11319
590
11333
602
11333
542
11383
531
11426
526
7387
551
11398
538
11390
528
549
11336
526
11461
528
7419
529
11404
548
11398
520
7438
527
11408
544
11375
563
11399
533
11384
518
11423
547
7387
544
11407
523
7414
518
11430
552
11377
520
518
11408
519
11442
516
11409
516
11418
546
7403
519
11398
520
11456
533
11392
555
7389
534
11397
505
11435
498
11451
530
7410
529
11415
497
11451
523
11407
537
508
7418
518
11413
524
7408
796
11289
641
11263
609
11240
586
11340
606
7291
550
11386
7954
552
11383
558
11369
552
11375
556
7366
558
11402
616
11279
542
524
7382
531
11436
528
11373
533
11421
542
7383
574
12814
603
5888
659
11225
578
11358
538
11378
535
11378
540
7422
538
11375
543
11389
555
7381
611
537
11345
544
11333
546
11378
540
11392
529
11390
522
11413
543
11422
529
7402
7957
541
11408
545
11378
561
11399
541
11369
535
11401
537
11398
532
11367
594
531
11359
718
11173
908
894
10128
562
11347
546
11406
544
11371
538
11403
534
11417
568
11370
514
11420
515
11417
509
11432
7969
504
11437
499
11445
526
7410
430051
727
685
831
700
702
703
690
805
675
680
648
643
546
553
572
537
557
529
548
526
552
8420
525
543
517
10300
517
7509
521
7416
523
7381
585
7426
588
7316
583
556
7344
555
7380
547
7378
533
7407
533
7406
538
7394
519
7379
525
7413
521
7415
522
7426
491
7487
587
7314
537
7394
516
7419
503
7434
521
7426
525
519
7404
520
7409
509
7437
515
7424
510
7435
507
7411
525
7456
513
7718
581
7075
580
7337
572
7351
531
7415
530
7408
528
7409
511
7435
517
518
7408
511
7449
533
7395
528
7387
519
7487
516
7473
632
7249
561
7312
543
7400
518
7418
515
7423
507
7443
507
7433
551
7372
527
7409
545
7388
558
525
7365
535
7411
544
7422
543
7316
546
7444
551
7369
543
7358
575
7401
608
7277
577
7351
553
7385
549
7375
551
7375
547
7393
536
7401
609
7339
641
575
7215
550
7420
540
7415
558
7327
594
7326
572
7339
533
7427
529
7386
526
7406
524
7405
531
7402
538
7411
620
7290
527
7428
601
7289
568
527
7365
533
7382
525
7421
522
7388
518
7416
523
11422
512
11456
512
11483
634
7281
553
11317
571
7368
563
11380
530
11410
522
7423
524
11420
513
11429
525
535
7405
534
11441
544
11342
531
11429
530
11379
527
11653
887
6804
557
11386
663
11247
538
7391
515
11449
604
11309
522
11407
538
11427
526
11385
534
11355
643
544
11319
525
11397
518
11426
543
7391
523
11422
515
11424
552
11355
512
11519
615
11271
517
11417
517
11426
510
7435
513
11473
595
11289
7975
564
11355
544
568
11391
556
11366
541
11364
535
11403
566
11372
533
11413
513
11409
502
11434
505
11453
519
11406
508
11437
530
7405
505
11444
510
11447
619
11313
542
531
11363
527
11439
541
11378
531
11396
524
11406
546
7391
518
11428
528
11427
553
11367
518
11449
543
11376
523
11424
522
11412
517
11425
517
7427
513
11430
512
523
11468
536
11393
546
11361
538
11418
530
7398
489
11407
485
7458
491
11450
498
11458
611
7318
498
11420
480
11424
484
11494
496
11453
534
7422
491
11428
502
493
11479
501
7414
506
11447
505
11401
535
7399
539
11405
509
11431
526
11410
500
11448
515
7414
513
11429
533
11439
544
11351
509
11455
505
11429
514
515
11387
530
7454
543
11313
506
11465
506
11436
507
7429
513
11416
485
11454
481
11471
506
7433
518
11412
483
11460
487
11466
507
7421
527
11419
508
11441
499
491
11414
492
11466
536
7380
526
11425
498
11425
500
11443
521
11421
497
7584
811
10995
533
11416
548
7362
534
11398
511
11428
510
11433
535
7405
520
511
11392
502
11435
519
11468
507
11399
506
11426
519
7407
486
11466
486
11450
504
11439
478
11467
482
7471
496
11416
536
11414
508
11454
510
7402
535
11570
895
897
6478
529
11378
538
11413
529
11393
533
7450
537
11345
502
11426
505
11438
498
7438
497
11454
499
11468
522
7389
517
11414
506
11450
597
49956
407476
667
626
655
633
673
640
617
691
645
612
500
499
498
496
492
492
532
492
490
487
499
488
492
505
488
490
496
509
512
515
9436
535
7400
545
7395
529
7411
519
7414
533
7401
521
7428
545
7397
553
7374
573
7358
567
7357
546
7392
563
7368
612
7293
945
832
6709
544
7353
525
7403
522
7419
514
7430
505
7420
507
7454
528
7403
505
7447
548
7384
532
7398
534
7404
502
7444
499
7442
502
7437
497
496
7471
548
7391
513
7397
519
7434
511
7416
523
7412
540
7409
515
7435
504
7423
504
7450
505
7432
513
7434
530
7404
516
7428
510
7437
514
7413
538
493
7422
509
7438
511
7423
505
7427
528
7402
530
7413
678
7252
535
7396
509
7454
480
7436
507
7434
508
7441
476
7466
480
7460
482
7466
543
555
7574
576
7122
514
7434
526
7378
515
7411
508
7443
504
7447
501
11415
510
7424
510
11431
514
11453
505
11418
529
11400
526
7406
506
7432
7961
497
11449
518
493
7419
496
11432
501
11435
520
11465
517
11384
497
11432
506
11436
501
11432
523
7420
479
11462
485
11443
497
11455
514
7422
482
11456
481
11462
481
485
11474
499
7439
499
11425
493
11481
523
11402
505
11409
498
7678
888
10986
555
7196
523
11435
511
11405
511
7427
504
11445
526
7399
588
11356
512
11415
542
559
7357
564
11343
541
7435
537
11403
534
11457
554
7351
536
7402
628
11286
534
7392
685
11336
625
11313
603
11248
700
7239
614
11376
7890
7961
513
514
11393
511
11453
506
11414
514
11421
520
7424
518
11425
522
11518
541
7269
525
11411
514
11431
529
11410
509
11428
507
11434
492
11459
515
11413
496
11444
522
499
11436
501
11413
506
11442
521
11416
500
11446
497
11449
551
7374
503
11421
478
11465
504
11460
491
11431
479
11467
481
11459
478
11474
496
7435
484
11456
501
495
11428
524
11425
498
11435
624
11597
7765
533
11334
521
11364
503
11428
528
7416
498
11435
7972
495
11449
497
11437
522
11438
665
11261
520
7398
519
507
11404
511
11434
516
11421
497
11445
501
11435
490
11465
647
11315
514
11373
487
11461
474
11467
495
11449
477
11465
488
7453
500
11420
574
11397
495
11411
497
498
7452
494
11438
490
11483
499
11417
499
7430
493
11470
537
7388
516
11416
496
11447
493
7462
7952
500
11447
504
7451
497
11430
497
11451
545
7383
524
497
11400
488
11551
771
7394
803
10871
7893
519
11387
527
11427
509
11391
481
11490
482
11426
477
11458
481
7461
485
11457
488
11451
486
11464
524
7396
513
528
11388
494
11451
488
11452
502
7421
508
11445
506
11429
501
11479
512
7385
523
11419
498
11442
501
11464
494
7423
525
11425
496
11438
516
11426
509
11415
497
511
7768
888
10731
515
11388
507
11411
522
11420
496
7434
499
11446
493
11431
516
7416
7972
479
7462
477
11483
485
11444
476
11466
482
7467
500
11403
548
543
7567
682
11054
7950
517
11395
511
11383
497
11477
491
7433
8120
537
11215
498
11473
508
11404
509
11461
508
7429
510
11424
540
11399
505
7433
541
11388
513
534
7379
536
11408
512
11424
505
7425
7956
505
11457
501
11428
495
7416
482
11462
501
7462
479
11438
480
11462
508
11461
517
11393
482
7449
512
11438
513
500
11395
492
11443
490
11453
7962
488
11453
496
7501
588
11321
503
11432
548
11378
523
11389
488
11468
493
11449
492
11453
510
11431
489
11456
532
7402
518
7928
499
11432
492
11448
522
11434
503
11435
490
11437
486
11442
473
11553
561
11305
487
11439
489
11444
499
11438
482
11457
477
11468
496
7433
495
11452
604
588
11246
491
11417
491
11449
493
11437
490
11449
488
11454
484
11467
523
7394
509
11617
622
11136
523
11411
494
11445
503
11439
501
11439
492
11451
497
11447
524
503
11392
531
11423
489
11433
508
7434
502
11434
490
11439
474
11484
474
7500
502
11400
491
11448
511
7418
501
11445
477
11464
474
7471
497
11445
491
485
11596
579
7230
7930
508
11457
500
7431
497
11421
497
11450
499
11431
506
11448
543
7365
531
11421
511
11413
525
11401
495
11446
495
11449
512
7412
522
495
11506
595
11250
511
7416
510
11517
532
11335
501
11425
509
7402
486
11472
475
11460
512
11412
524
7533
887
10959
512
11390
486
11442
537
7405
7963
518
7411
509
7943
498
11457
501
11420
506
11448
492
11635
786
6961
505
11409
516
11426
506
11445
530
11400
519
7405
500
11448
503
11437
506
11434
524
7452
549
11344
492
484
11471
515
11424
507
7399
508
11430
502
11435
472
11475
482
7462
477
11486
563
11363
497
11404
487
11467
515
11423
479
11458
499
7444
495
11450
495
490
11429
493
11548
540
7319
504
11430
515
11427
515
7389
528
11419
499
11436
535
7423
506
11430
526
11421
622
11293
516
7410
498
11440
500
11444
508
7428
501
496
11412
499
11512
523
11360
499
11510
585
11353
519
11317
490
403464
847
792
795
789
803
783
812
772
753
943
765
765
691
511
502
524
506
510
510
509
508
9186
500
7426
508
7441
504
7531
501
7439
505
7447
510
7425
505
7439
503
7434
506
498
7433
531
7393
528
7432
511
7431
536
7397
536
7401
502
7451
507
7469
796
7246
838
6962
552
7353
534
7401
536
7404
537
7394
541
7386
524
7412
538
520
7370
517
7434
557
7365
539
7442
561
7343
554
7384
541
7385
557
7326
561
7550
846
6961
582
7325
556
7356
587
7341
579
7341
578
7358
590
546
7324
565
7348
560
7577
636
7128
561
7301
552
7408
576
7334
558
7343
555
7389
552
7376
553
7368
524
7414
544
7380
520
7412
520
11409
899
7001
791
816
10823
533
11417
522
11409
524
11391
550
7401
522
11441
515
11401
523
11425
554
7411
556
11336
550
11378
531
11403
562
7361
7965
503
11463
516
11400
521
508
11446
557
7423
652
7243
540
11337
532
11373
520
11429
560
11372
533
7374
528
11439
560
11348
544
7372
512
11415
502
11431
529
11401
511
11420
507
11425
529
502
11500
516
11335
559
7342
556
11377
526
11407
532
11400
536
7375
560
11363
509
11469
556
11336
552
7366
7969
523
7413
7954
537
11402
563
11363
520
505
11405
587
7383
516
11393
512
11404
516
11422
504
11437
517
11431
510
7432
526
11388
505
11447
534
7372
517
11423
491
11448
487
7448
489
11453
495
11442
490
509
11638
766
6961
512
11412
502
11452
498
7438
494
11432
501
11447
528
7422
526
11403
502
11460
543
11381
507
7432
508
11435
500
11444
503
11438
506
11435
501
491
11430
653
7291
499
11458
615
11460
666
11189
561
11285
529
11398
527
11400
510
11423
482
11459
523
11402
503
11425
480
11473
477
11470
483
11455
477
470
11464
511
11528
536
11292
519
11453
500
11419
496
11448
492
11464
500
11421
500
11447
502
436418
840
887
816
961
788
784
772
797
804
236292
868
860
840
898
825
816
795
941
789
606
551
548
513
519
536
558
536
562
541
561
543
538
505
527
496
494
673
753
966
777
779
767
497
500
502
484
483
507
508
535
499
513
522
507
530
496
501
526
507
524
501
493
500
482
484
487
504
490
488
567
776
785
778
818
782
774
5743
901
7092
523
515
7232
510
7469
501
7477
505
7422
510
7465
539
7389
528
7400
532
7355
491
7448
486
7485
489
7462
487
7431
522
7433
483
7450
501
7435
502
7418
526
503
7472
798
7086
530
7384
544
7408
534
7407
528
7401
502
7448
492
7447
496
7448
505
7436
504
7441
495
7417
519
7450
504
7434
504
7435
495
499
7431
495
7464
498
7432
494
7446
490
7451
493
7445
494
7457
500
7529
712
7122
476
7495
557
7541
605
7172
536
7361
516
7415
516
7413
494
7447
514
530
7402
504
7419
501
7612
568
7206
504
7423
504
7445
531
7411
491
7438
499
7462
501
7441
508
7420
532
7407
517
7427
564
7349
811
7171
622
532
7390
522
7266
515
7438
534
7398
524
7409
519
7395
524
7429
521
7392
504
7426
487
7442
474
7483
501
7568
518
7259
514
7422
502
7435
500
7434
521
510
7398
520
7428
504
7417
500
7416
492
7462
494
7461
515
7419
516
11411
497
11444
523
7417
496
11425
501
11461
490
11452
523
7423
510
11424
494
11444
502
509
11442
498
7412
526
11442
493
11431
492
11454
496
11456
535
7383
519
11419
480
11465
480
7456
476
11416
474
11522
483
11464
499
7443
525
11410
500
497
11427
512
7426
519
11419
509
11434
521
7419
7970
511
11547
775
7046
506
11440
510
11450
503
7419
527
11413
499
11451
534
11405
495
11447
727
7204
7975
789
860
10818
554
11328
535
7389
517
11425
526
11429
501
11436
524
11640
673
11024
523
11385
508
11426
512
11423
530
11390
480
11446
483
11458
479
11477
570
11334
519
500
11416
524
7394
7973
490
11451
489
11456
492
11448
492
11569
698
11113
503
11439
500
11443
509
11426
525
11399
493
11462
494
11448
493
11455
518
11414
512
532
7387
7957
501
11455
497
11443
497
11440
528
7424
522
11406
499
11457
564
11348
504
11410
504
11435
499
11441
494
11441
484
11474
483
11446
611
7333
541
512
11370
506
11427
529
7409
508
11440
509
7429
726
11332
7869
549
11409
560
11310
526
11407
559
7360
552
11394
534
11405
534
7377
522
11418
584
11349
575
555
11306
526
11392
532
11421
521
7398
529
11387
524
11421
495
11397
490
7469
498
11425
528
7412
481
11466
485
11462
483
11462
523
11414
524
7409
527
11406
591
508
11334
507
11437
524
11406
551
7348
496
11467
493
11426
493
11465
588
7366
556
11311
529
11439
533
11397
554
7382
532
11403
530
11398
532
11400
536
512
7426
531
11367
522
11406
526
7409
601
11489
655
11101
519
11396
516
367456
872
808
789
932
873
866
858
860
894
868
845
859
665
631
646
542
526
508
9616
526
7378
515
7431
508
7514
502
7434
501
7448
503
7440
500
7442
505
7443
505
7433
516
498
7414
502
7455
508
7459
525
7397
529
7395
515
7404
517
7464
516
7405
515
7444
511
7403
533
7425
483
7440
486
7454
487
7460
494
7453
485
484
7432
483
7476
481
7457
488
7461
505
7605
832
6968
512
7415
514
7420
531
7469
808
7103
590
7302
523
7430
807
7092
512
7430
529
7407
507
7431
503
501
7443
506
7459
511
7395
538
7404
504
7436
506
7499
585
11470
838
10920
539
11386
520
11415
521
11423
518
7413
494
11449
7966
498
11448
497
11455
553
493
11359
501
11444
500
11437
533
11399
530
11423
506
11417
507
7440
504
11492
616
11259
511
11420
510
11427
501
11440
504
11438
515
11428
501
11428
506
11433
521
501
11403
503
11439
503
11442
523
7419
497
11444
523
11431
521
11414
500
11451
512
11414
529
11409
508
11429
501
7443
504
11434
485
11459
481
7456
7976
493
505
11400
480
7472
486
11456
495
11480
500
7433
497
11428
493
11448
521
7434
755
11262
607
11236
538
11382
537
11394
515
11372
510
7501
513
11400
507
506
11460
517
7395
510
11416
498
11448
509
11432
506
11424
523
11422
500
11431
502
11473
513
7390
525
11418
481
11455
482
11486
486
7432
507
11437
479
11462
483
570
7367
490
11454
485
11453
500
11452
521
7416
499
11421
494
11470
503
11439
674
7269
532
11402
500
11434
502
11444
499
11447
501
11441
530
7406
525
11415
508
497
11438
502
7418
492
11479
503
7417
525
11415
503
11434
499
7486
575
11466
693
11132
566
11314
507
7416
505
11455
546
11348
734
11200
500
7430
490
508
11372
489
11540
514
11380
530
11408
498
11445
524
11414
502
11431
531
7405
517
11423
499
11456
512
7431
509
11454
507
11395
498
11466
504
7422
519
11418
512
497
11448
800
7102
526
11414
508
11430
523
7430
496
11436
508
11435
507
7443
490
11468
499
11431
500
11445
489
7439
502
11436
490
11455
509
7432
506
480
11416
488
11473
479
11476
508
11421
504
11428
521
11446
502
11372
569
7619
7811
7913
542
11376
537
11400
561
7358
515
11419
514
11425
534
11425
508
11389
506
496
11446
497
11444
492
11472
514
11403
535
7407
7963
505
11441
522
11434
503
11418
503
11448
506
11431
507
11421
497
11447
490
11449
512
11444
481
11449
483
474
11445
483
11462
492
11481
529
7391
498
11451
503
11433
538
11432
508
11384
505
11463
515
11426
500
11449
507
11428
504
11406
529
11450
502
11433
503
11439
539
515
11384
510
7404
504
11470
535
7390
527
11410
500
7503
557
11320
7944
512
7434
7963
510
11434
485
11449
494
11440
509
7423
509
11435
493
11448
486
513
7415
510
11422
491
11474
499
7446
539
11340
499
11487
503
11462
507
7431
502
7448
510
11407
496
11436
505
11456
526
11401
538
11447
714
11185
579
11323
565
524
11358
519
7401
517
11419
513
7434
516
11437
505
11410
509
11431
504
7433
504
11451
500
11426
487
11455
494
11458
502
11424
489
11450
514
7425
517
11420
486
479
11450
500
11455
498
11459
530
7385
504
11480
511
11408
543
11402
581
7345
519
11411
508
11424
518
11425
546
11380
515
7424
508
11434
507
11432
540
501
11388
500
11440
499
11462
503
7481
518
11359
521
11418
512
7433
507
11451
508
7428
516
11404
497
11445
514
11466
849
11223
714
11176
599
7183
570
11367
560
566
11338
549
7401
546
11389
540
11397
543
7351
535
11431
531
11433
538
7376
537
11393
516
11432
550
11386
522
11427
559
7366
533
11410
535
11405
526
7410
526
520
11392
518
11433
523
11445
523
7564
816
10948
525
11415
520
11427
522
11418
519
11469
562
11330
527
11427
526
11408
528
11399
520
11421
524
11415
540
508
11407
527
11423
525
11405
524
11405
523
11444
544
7374
533
11402
526
11420
531
11408
544
11410
531
11410
543
11378
529
11421
577
11364
546
11377
542
11392
551
540
11356
532
11412
523
11461
574
11332
548
11388
554
11364
544
11389
546
11384
531
11401
505
7438
509
11429
503
11461
556
11368
557
11369
531
11419
517
509
11401
521
11428
532
7406
521
11376
528
11547
605
11331
572
11309
558
11366
574
7360
560
11368
536
11408
532
7403
528
11419
537
11420
558
11368
547
11380
543
530
11407
541
7384
528
11405
530
11422
514
7424
814
7130
561
11367
537
11397
533
7399
7970
496
11461
504
11427
501
11448
502
7448
519
11415
511
11429
531
504
11413
530
7409
529
11410
518
7424
513
11435
635
11416
630
11228
624
11308
566
11336
551
11378
604
7256
8018
552
11412
560
7349
814
11126
611
11288
571
562
11416
616
11284
535
7304
533
11396
563
11395
557
11408
601
7270
580
11355
557
11356
532
404300
741
691
677
693
763
711
698
738
715
927
691
622
541
550
554
558
543
536
543
545
541
548
553
542
535
536
6512
544
7426
572
7352
581
7445
588
7344
592
7333
590
7346
593
7336
586
7343
606
7360
621
7299
725
7172
791
7132
777
684
7133
762
7165
677
7326
682
7162
674
7235
726
7485
689
6895
690
7295
669
7172
742
7192
664
7339
657
7368
1071
6763
795
7002
705
7183
640
561
7262
546
7374
559
7394
558
7345
588
7337
555
7432
587
7286
560
7360
587
7343
559
7373
559
7384
560
7374
587
7320
563
7368
558
7378
565
7371
575
545
7407
594
7274
566
7361
557
7352
555
7393
550
7357
560
7370
542
7393
548
7403
561
7345
566
7363
550
7380
558
7396
601
11303
7957
560
11371
566
534
11354
555
7368
7952
532
11414
535
11409
533
11419
554
11339
568
11397
549
11351
543
7394
568
11370
537
11395
523
11411
538
11408
7960
543
11392
551
11386
547
555
11352
562
7365
7971
526
11416
533
11386
517
11459
531
11361
522
11429
519
11416
514
11438
522
7408
534
11412
506
11447
580
7354
547
7393
7963
539
554
11361
609
7320
528
11412
537
7407
540
11415
529
11413
612
11429
656
11160
623
11295
612
7309
599
11332
559
11367
561
7366
550
11405
585
11299
621
7333
590
579
11319
575
11354
585
11364
548
11377
522
11397
550
7405
562
11371
534
11388
531
11419
546
11390
517
7413
508
11447
521
11413
558
11394
554
11371
542
7395
540
534
11405
534
11382
533
11415
553
7380
7972
527
11447
540
7360
557
11381
532
11417
538
11404
527
11410
519
7421
511
11457
514
11411
561
11372
551
7368
546
563
11351
538
11400
526
11400
538
7379
589
11498
744
11119
589
11319
563
11328
546
11384
541
7394
536
11398
564
11373
552
11383
540
7403
626
11290
593
542
11315
543
11387
556
7382
538
11401
550
11402
548
11354
543
11421
595
11300
571
11344
571
7363
544
11387
551
11387
536
7402
538
11429
543
11375
585
11334
584
539
7443
653
11210
544
11351
543
7354
540
11404
518
11441
554
7390
555
11350
535
11380
522
11448
618
11296
557
7359
7961
538
11396
548
11391
588
7327
7962
549
537
11380
528
11400
534
11691
879
6957
7767
552
11365
538
11407
543
11380
566
11384
539
11406
529
11397
522
11420
527
11416
525
11416
522
484003
761
707
933
706
844
683
678
684
682
667
790
1027
1020
1115
556
526
553
516
544
514
546
513
503
528
510
541
522
538
549
545
525
10960
529
514
505
10312
519
7429
520
7503
524
7438
557
7357
542
7391
538
7395
543
7397
542
7392
535
7400
539
7412
537
7336
536
523
7451
515
7427
521
7477
549
7335
540
7396
530
7523
772
7052
613
7266
604
7322
582
7332
559
7370
547
7384
557
7360
569
413105
736
687
715
688
597
680
681
683
675
703
689
720
680
576
711
569
536
562
535
570
542
597
552
575
532
563
537
544
579
549
555
531
533
558
520
552
527
526
530
522
528
528
521
537
519
521
531
525
517
525
520
507
502
512
544
520
505
504
532
510
503
504
510
512
507
517
524
7390
541
527
7374
530
7422
529
7501
578
7354
554
7368
554
7394
554
7356
547
7405
569
7357
554
7398
598
7307
563
7365
553
7377
558
7381
556
7506
962
902
6749
915
6806
580
7367
572
7197
575
7363
573
7379
581
7278
534
7395
543
7386
538
7386
545
7397
541
7399
539
7332
539
7450
551
7370
536
7386
565
523
430518
904
736
710
750
684
819
707
693
697
694
601
568
575
543
567
539
566
547
586
533
562
529
558
543
565
567
540
551
532
527
565
536
575
534
563
541
558
532
553
566
534
563
529
534
513
509
529
503
496
509
497
497
497
502
521
516
543
513
507
515
512
563
549
530
522
525
6345
532
7429
532
7409
546
7455
582
7376
603
7273
559
7374
547
7389
550
7376
557
7387
559
7360
648
7297
612
7287
569
7351
571
532
7388
547
7448
560
7291
559
7338
579
7362
571
7349
539
7385
532
7406
569
7349
559
7365
569
7373
565
7360
522
7410
528
7424
565
7344
566
7361
548
537
7379
536
7393
542
7390
534
7417
533
7387
515
7422
510
7432
517
7431
512
7442
629
7362
630
7246
574
7339
558
7379
552
7387
548
7387
543
531
7412
544
7381
535
7383
529
7398
705
7257
545
7363
538
7594
872
7132
588
7018
564
7374
561
7372
551
7383
533
7410
542
7389
550
7363
556
7396
643
536
7248
530
7396
542
7400
542
7423
542
7362
532
7403
531
7399
531
7417
537
7389
536
7399
537
7377
662
7317
535
7329
536
7436
530
7405
556
7382
528
523
7496
623
7351
632
7177
551
7366
547
7412
542
7357
546
7401
538
7385
535
477530
732
686
696
665
713
665
675
698
677
672
558
534
532
533
743
543
532
530
532
535
535
589
534
531
543
531
534
543
739
553
534
524
536
5768
545
7397
544
7387
534
7487
546
7393
548
7378
546
7400
553
7381
548
7386
553
7389
548
536
7364
537
7413
520
7399
524
7403
522
7424
532
7414
816
7529
947
6540
559
7355
554
7360
560
7368
572
7371
557
7370
554
7370
548
7393
556
7382
541
531
7380
535
7401
536
7403
541
7375
545
7416
585
7351
567
7368
570
7339
559
7369
561
7361
557
7387
555
7383
566
7368
605
7310
535
7405
784
7123
608
576
7318
560
7341
544
7339
569
7369
573
7352
543
7387
539
11439
571
7301
574
11371
629
11317
602
7268
578
11347
586
11341
559
11370
570
7356
560
553
11436
536
11273
527
11407
521
7412
550
11388
528
11415
565
11386
529
11433
599
11300
575
7357
576
11358
556
11373
550
11403
582
11331
554
11371
556
7380
609
553
11300
519
11379
516
11413
539
7389
520
11377
513
11461
517
11423
550
7396
560
11360
523
11423
524
11412
542
7392
560
7399
528
11392
532
11447
654
11170
700
562
11259
583
11330
545
11380
561
7372
569
11366
529
11410
531
7391
8082
562
7288
7922
536
11435
541
11368
537
11392
574
7364
560
11378
553
11373
556
561
7407
556
11337
548
7325
525
11419
527
11409
517
11412
521
11371
521
11457
516
11442
556
11351
554
11407
557
7366
541
11399
536
11405
533
11408
555
11399
550
529
11379
539
11390
543
11383
530
11432
579
7334
533
11400
537
11385
570
11402
536
11397
562
11350
546
11391
544
11413
642
7298
619
11280
578
11353
554
534
11372
492
11435
505
11396
7924
487
11453
495
11451
492
11426
498
11436
520
11378
492
7492
644
11313
551
11354
527
11405
527
11409
521
11432
597
11330
7940
517
511
11397
536
7429
508
11417
504
11415
544
11426
517
11405
511
11480
578
11296
510
11413
505
11476
526
7378
544
11397
500
11431
534
7400
7974
510
7433
7962
585
566
7275
7981
521
11379
493
11456
489
11414
491
7504
494
11432
489
11469
482
7441
525
11452
543
11381
552
7365
509
11430
512
11426
511
7426
502
11397
516
489
11468
524
11440
517
11451
594
11363
560
11311
562
11363
572
7367
528
11408
542
11399
544
11380
598
7309
544
11401
529
7423
531
11390
513
11429
503
522
11347
483
11498
489
11509
502
7393
529
11407
500
11441
503
11440
508
7399
535
11411
536
11425
537
11392
564
11342
528
7397
530
11421
534
11387
540
7394
534
511
11409
562
7502
7872
571
11321
562
11335
548
11380
577
7332
537
11416
552
11362
563
11370
585
7354
7952
562
11369
531
11383
527
11409
539
7402
531
11361
513
507
7486
504
11405
508
11437
533
11409
526
11437
528
11368
529
11418
562
7348
574
11374
548
11393
608
7286
579
11359
552
11371
556
7380
7949
559
7383
549
7926
537
11434
541
7474
689
11108
525
11381
546
11394
509
11428
551
7390
539
11401
533
11391
531
7416
556
7360
7952
518
11419
7963
519
11417
524
11408
502
514
7388
535
11592
7882
531
11338
535
11349
538
11390
506
11401
510
11434
526
11415
531
11402
531
11410
530
7407
574
11335
7947
534
11401
541
11394
545
11372
568
521
11365
522
11407
523
11459
576
7327
522
11375
7955
535
11397
518
11409
559
11388
524
11401
534
11384
654
11269
542
11381
543
11391
539
7385
525
11411
505
501
11414
533
11430
508
11496
618
11225
498
11423
498
11430
497
11445
510
7436
503
11440
515
11441
519
11412
499
11435
525
11403
511
11443
518
7406
492
495
7455
503
11515
7889
518
11408
513
11418
533
7381
516
11424
538
11397
498
7430
514
11439
524
11416
523
7419
518
11435
706
11208
743
11140
556
11373
542
540
7392
506
11398
502
11429
527
7421
499
11455
506
11412
514
11426
505
11445
533
11401
568
7357
550
11374
508
11439
507
11439
561
11366
507
11433
503
7438
506
493
11461
505
11414
494
11449
537
7420
526
11368
519
11439
504
11429
518
7423
518
11420
500
11442
510
11434
528
7412
513
11432
501
11429
526
7410
7972
479
499
7425
473
11489
733
11671
855
10631
548
11358
504
11414
499
11450
508
7409
537
11409
509
11426
505
11462
507
7406
531
11565
528
11253
518
7423
7983
510
504
11436
528
11406
520
11392
511
7423
506
11520
610
11247
532
7386
7952
510
7446
7970
498
11448
503
11430
502
11439
542
7396
592
11365
554
11358
486
7452
487
515
11409
481
11451
480
11477
481
7442
479
11475
487
11484
478
7475
502
11419
497
11442
516
7424
522
11413
505
11454
532
7387
490
11457
512
11419
533
11410
497
497
11422
497
11445
547
11480
534
11321
512
11470
550
11356
504
11410
509
11432
509
11421
511
11429
506
11444
502
7431
504
11614
645
11100
507
11434
511
477
11422
484
11453
487
11457
484
11459
480
385583
884
1012
839
828
831
819
833
839
822
767
786
809
882
881
616
589
746
580
11283
552
7263
534
7500
552
7371
566
7346
538
7406
538
7392
536
7392
540
7405
532
7398
543
7356
566
7359
553
7413
606
540
7279
516
7422
512
7424
512
7370
495
7496
491
7451
493
7445
496
7458
498
7447
494
7440
494
7471
499
7433
511
7432
525
7424
605
7276
536
530
7411
507
7415
500
7447
515
7425
495
7440
496
7406
517
7460
502
7459
507
7435
502
7410
509
7454
524
7394
501
7452
504
7433
525
7416
531
7409
508
533
7410
533
7384
511
7420
680
7535
847
6824
514
7399
505
7436
501
7442
504
7421
499
7467
496
7429
523
7433
552
11369
506
11433
510
11460
512
500
7400
503
11431
504
11429
535
7438
496
11436
509
11395
505
11436
520
7414
491
11408
489
11507
492
11451
489
11453
479
11476
538
11385
498
11443
490
11459
497
489
7440
492
11425
494
11454
511
7418
483
11503
488
11409
480
11468
512
7420
481
11416
478
11473
480
11512
512
7427
500
11457
500
11429
492
11450
521
7421
496
503
11413
488
7453
7969
492
11468
577
11722
990
6595
551
11350
552
11377
512
11409
511
11436
498
11432
498
7451
490
11487
539
11358
527
11406
553
7368
560
531
11384
530
11392
553
7348
524
11387
501
11473
550
7330
507
11443
511
11404
514
11435
504
7427
510
11405
523
11413
551
11419
794
11093
505
11423
494
490
11430
487
11463
490
11446
515
7427
7981
509
11420
493
11457
502
11417
520
7426
535
11403
496
11441
513
11384
492
11498
497
11448
504
11439
512
11418
497
7445
503
495
11417
491
11454
512
11443
474
11445
475
11474
480
11469
594
7424
7930
564
11330
507
11402
506
11421
507
11548
917
10875
560
11361
824
11102
554
11372
575
519
11339
534
11369
518
7415
7960
491
11465
487
11449
491
7470
7952
501
11445
523
11415
530
11398
523
11409
549
11381
527
11408
558
11374
530
11386
535
501
7397
502
11435
500
11451
533
7366
511
11447
497
11447
503
7398
526
11372
512
11477
503
11449
508
7402
545
11389
538
11400
554
7375
552
11386
567
11347
533
543
7351
547
11390
518
11406
519
7416
523
11438
519
11392
550
11410
585
11427
687
7147
8037
568
11243
536
11410
542
7368
527
11392
529
11404
534
7395
564
541
11309
513
11442
517
11415
496
11395
487
7456
481
11460
485
11493
773
7119
517
11427
485
11452
479
11489
502
11425
502
11436
497
7445
501
11446
518
11426
572
7885
541
7375
7967
520
11435
507
7386
7959
523
7415
495
11496
487
11421
501
11426
519
7418
7963
482
11486
494
11433
499
11440
495
7451
489
11437
504
500
11450
517
11454
516
7363
522
11427
506
11400
487
7445
485
11473
505
11548
511
11340
580
11345
515
7423
519
7393
534
7395
524
7428
503
7416
535
7354
505
500
7492
532
7662
640
7023
541
7376
532
7420
536
7377
530
7408
497
7456
496
7433
494
7457
487
7450
490
7450
490
7460
490
7451
491
7445
493
11462
491
7958
8013
7911
7953
487
11476
492
11429
509
11453
479
11468
486
11443
492
7471
488
11422
482
11466
500
11475
547
11352
521
11413
516
11423
529
11422
503
492
529149
875
62275
813
807
838
806
789
794
771
795
777
784
768
781
784
769
740
505
516
500
506
509
496
524
504
515
500
515
493
508
513
493
517
500
484
479
522
567
558
568
557
552
569
573
579
572
526
6603
479
7607
492
7374
495
7452
491
7450
491
7451
493
488
7450
488
7466
492
7437
498
7448
496
7456
514
7417
494
7462
499
7439
500
7450
510
7419
501
7457
519
7402
505
7462
500
7420
548
7394
544
530
7385
535
7406
531
7409
541
7407
516
7404
514
7432
514
7586
859
7081
857
6935
568
7299
496
7436
492
7467
498
7437
520
7410
507
7444
503
7428
520
498
7435
497
7517
777
7090
493
7407
525
7428
521
7412
526
7417
525
7405
504
7447
497
7443
497
7443
497
7448
491
7500
787
7092
501
7446
501
7440
492
491
7438
493
7464
493
7451
471
7445
472
7484
473
7465
476
7466
475
7760
748
6906
475
7463
473
7612
498
11312
498
11446
525
7416
502
11434
500
499
11432
501
11476
510
11387
506
11429
524
7420
495
11471
505
11414
498
11454
524
7416
501
11440
513
11431
504
11432
523
7418
496
11449
506
11432
500
11443
521
493
7405
503
11468
520
11430
482
7425
504
11423
476
11468
480
11484
479
7444
567
11589
670
11207
558
11225
533
11381
521
11413
522
7402
507
11414
509
499
11436
508
11445
504
7453
7948
530
11361
500
7488
493
11435
500
11439
521
11410
504
11442
522
11477
592
11270
512
7423
507
11396
532
11435
512
11370
513
7483
511
509
11403
502
487172
867
785
798
768
782
765
762
774
755
767
711
495
485
487
489
483
486
513
505
645
776
743
498
542
496
493
496
495
494
491
496
498
497
486
509
493
494
9426
494
7455
503
7450
495
7524
497
7452
532
7436
678
7241
593
7304
535
536
7374
523
7420
503
7420
509
7422
504
7457
503
7422
487
7446
511
7435
506
7403
480
7486
488
7466
479
7477
479
7438
493
7449
489
7454
492
491
7426
490
7469
487
7460
488
7441
490
7463
494
7453
490
7440
487
7515
510
7399
507
7432
493
7436
492
7448
502
7432
518
7430
499
7439
496
7448
516
500
7436
508
7408
536
7396
499
11435
515
7433
499
11445
472
11453
473
11475
480
11439
489
7495
480
11445
479
11465
499
7436
503
11445
502
11448
548
11373
501
498
11442
538
7380
524
7416
7960
498
7449
7963
499
11467
498
7431
498
11435
495
11578
992
10831
574
11318
555
7366
543
11393
510
11423
508
11429
504
499
7452
502
11415
778
11163
510
11415
506
11444
503
11430
480
11445
499
7435
473
11507
472
11449
486
11446
510
7431
481
11475
474
11455
487
11457
494
7448
496
518
11397
490
11476
509
11415
519
7423
528
11411
501
11433
499
11469
497
7435
517
11454
566
11354
538
11362
518
11420
513
7428
513
11409
506
11449
508
7431
702
614
11120
545
11382
522
11402
513
11411
517
7416
7953
475
11482
478
11445
478
11484
509
7406
513
11425
488
11454
488
11452
508
7433
521
11420
503
11439
499
493
11447
500
7424
496
11456
511
11389
504
11464
491
7444
498
11465
501
7475
605
11378
609
11237
7962
554
7357
7964
529
7401
512
11425
513
11424
507
508
11399
502
11452
502
11461
513
7404
502
7453
504
11399
475
11470
501
11443
475
7466
473
11474
475
11475
494
11437
488
11456
503
11447
496
11439
501
11440
500
499
11424
495
11446
502
11460
532
11405
500
7426
7956
497
11451
493
7446
513
11430
507
11445
534
11403
525
11416
516
11415
510
11445
512
11411
515
11426
497
522
11432
509
7398
7972
498
11473
506
11408
497
11430
478
11464
478
11467
479
7462
556
11594
7768
561
11346
508
11422
513
11417
519
11420
557
11389
511
11417
516
507
11411
504
11446
502
11436
502
7432
504
11425
7968
505
11431
502
11435
503
11443
522
7419
7962
7960
502
11447
524
11408
494
7439
500
7446
7965
498
495
11448
497
11429
501
11459
499
7468
508
11444
499
11365
520
7412
502
11435
480
11465
479
7460
479
11451
483
11484
493
11451
507
7429
594
11326
517
11416
532
500
7404
533
11403
500
11451
530
11403
510
11414
531
7419
525
11452
589
11317
517
11470
557
11318
504
7435
499
11460
513
11410
528
11409
506
11437
497
7568
575
612
11148
516
11474
541
11319
548
7401
524
11359
487
11466
486
11450
509
7424
507
11445
481
11460
483
11457
507
11439
502
11432
533
7403
521
11420
496
489
11441
494
11456
496
7454
495
11427
490
11457
521
11415
505
7448
500
11425
499
11443
524
7409
500
11422
498
7492
494
11433
645
11304
7934
528
11361
518
510
11443
510
11433
520
7423
521
11408
500
11440
493
11430
481
11471
482
7455
482
11463
479
11457
476
11479
481
7464
486
11452
523
11418
532
7385
534
11410
503
504
11411
525
7417
525
11418
497
11451
500
7448
617
11477
694
11101
557
11366
552
7359
568
11363
538
11403
564
11363
530
11419
606
7293
527
11401
509
11432
510
500
11432
525
11442
502
11360
499
11483
477
11474
488
11448
489
11448
480
7456
482
11470
482
11456
514
11429
519
11426
497
11453
524
11402
513
11430
515
506
11404
526
7413
500
11432
520
11423
503
11490
521
11388
524
11404
502
11426
7967
493
11451
521
11436
500
11432
510
11415
500
11454
509
11420
496
11444
507
516
7391
506
11444
505
11442
523
7412
478
11451
480
11460
703
11258
485
11440
483
11571
782
11088
7925
517
11407
512
11436
522
11406
528
7409
7946
539
11391
529
7936
546
11498
642
11228
578
7309
546
11357
524
11491
552
7286
529
11422
521
11392
526
11403
546
7384
549
11402
560
11355
552
7368
531
11417
547
11369
514
513
7404
501
11433
494
11445
500
11451
482
11436
484
11479
519
7401
510
7426
509
11437
485
11477
489
11533
863
10982
538
7383
7964
512
11434
542
7380
543
500
11386
507
11437
499
11456
519
7436
503
11429
502
11426
511
7435
515
11432
503
11418
495
11443
532
7458
7924
545
11400
516
11400
510
11435
520
7407
505
525
11346
555
11438
512
11433
532
7397
488
11458
484
11443
509
11438
494
11438
495
11471
496
7424
526
11416
490
11455
516
11443
515
7413
540
11401
522
11408
518
519
7407
