689
599
557
562
521
521
528
521
525
519
545
527
527
531
526
522
530
524
553
532
517
529
523
534
527
544
535
521
522
517
513
506
509
531
512
511
502
514
505
508
532
518
512
511
511
503
509
510
517
512
515
508
490
492
499
494
503
489
490
497
518
513
503
503
533
496
495
499
495
504
517
519
508
514
511
519
528
543
544
561
544
542
537
533
530
523
548
526
514
518
513
517
519
519
540
529
524
535
535
529
521
542
531
530
533
526
521
519
526
551
525
526
520
523
519
520
524
508
506
502
515
509
512
507
544
503
508
505
507
506
508
524
498
505
506
501
506
508
508
512
503
498
505
496
494
487
492
498
483
497
487
487
484
485
481
504
488
489
488
485
485
487
483
494
485
500
498
505
502
555
534
545
527
534
540
569
550
527
717
474
482
457
457
495
461
456
463
453
490
456
458
459
457
456
486
461
459
466
465
466
500
470
463
485
475
467
497
468
467
467
467
473
487
462
594
539
531
532
573
545
537
525
533
513
465
460
452
508
450
484
459
454
460
456
465
490
452
454
454
454
450
466
467
456
447
440
443
444
473
447
443
440
466
443
471
440
446
454
449
445
484
466
453
7412
482
7464
447
7513
459
7564
460
463
7452
454
7523
483
7439
457
7493
458
7649
712
7081
485
7450
464
7485
459
7490
460
7508
459
7468
457
7633
464
7332
464
7491
471
7473
493
464
7433
458
7507
467
7473
449
7503
450
7484
445
7492
449
7492
450
7527
453
7473
454
7497
451
7498
458
7511
463
7512
691
7207
498
7443
501
7440
499
470
7464
470
7452
509
7418
500
7464
499
7466
496
7420
476
7479
473
7585
727
7094
476
7463
461
7481
469
7474
460
7494
465
7481
462
7482
465
7486
471
454
7482
462
7466
448
7523
458
7466
453
7480
448
7514
446
7519
452
7465
444
7513
451
7497
479
7470
497
7452
466
7482
464
7483
487
7468
470
470
7472
486
7476
499
7435
465
7442
495
7447
463
7485
463
7484
463
7485
468
7485
469
7485
481
7451
465
7489
472
7501
466
7449
494
7456
497
7447
465
491
7437
492
7466
447
7482
458
7483
447
11519
488
7445
468
11472
453
11493
449
11500
478
7466
505
11447
465
11479
466
11504
488
11437
471
7467
477
11471
483
464
11452
466
11465
496
7455
7970
478
11503
472
11437
474
11477
501
7432
480
11496
475
11451
477
11454
508
7437
490
11443
518
11425
497
11438
532
7398
522
482
11412
490
11425
469
11496
477
7435
500
11466
498
11436
485
11415
479
11460
503
7424
500
11444
502
11439
493
7437
495
11461
558
11347
506
11411
507
485
7451
500
11422
489
11464
493
7445
492
11433
498
11470
540
7350
537
11399
509
11425
524
7425
7953
584
11350
547
11340
511
11455
550
7343
520
11404
514
487
11407
522
11436
469
11434
477
11451
473
11467
467
11493
494
11416
481
7438
478
11491
480
11441
525
11427
498
11416
7961
7963
7962
7970
7963
7961
7958
7960
7952
512
7943
7984
492
11412
495
11442
490
11450
491
11476
517
11382
503
11432
496
11434
499
11437
490
11445
498
11438
530
11422
503
11429
539
11370
514
11416
503
480
11428
513
11406
500
7425
473
11486
500
11424
499
11464
481
11420
476
11459
463
11480
457
11491
473
11471
499
7443
474
11474
480
11465
506
11406
482
11478
480
489
11440
467
11487
492
11439
482
11454
473
7480
479
11500
490
11417
485
11452
497
7439
488
11464
477
11469
485
7463
482
11460
475
11480
509
7422
483
482
11455
484
11420
449
11515
446
7515
450
11470
451
11490
477
7484
492
11437
458
11493
458
7486
497
11453
474
11469
7967
477
7473
7971
480
11474
553
11373
495
492
11428
501
7425
498
11472
485
11437
482
11455
504
11641
755
7029
511
11359
491
11466
479
7442
491
11471
497
11423
497
11439
525
11410
679
7213
526
11416
510
503
11400
492
11434
476
11498
480
11442
486
11454
503
7443
476
11521
504
11408
493
11435
540
7397
510
11467
516
11407
513
11422
528
7389
527
11422
554
509
11345
498
11496
509
11367
516
11414
546
7386
517
11442
522
11421
547
7348
515
11422
507
11447
519
11391
558
7374
7964
521
11418
529
7400
523
11436
562
509
11505
541
11341
497
11300
501
7389
520
11430
495
11429
526
7404
500
11466
514
11378
510
7433
510
11435
514
11410
512
11433
518
7412
513
11412
515
11423
583
513
7325
513
11403
504
11431
539
7393
503
11439
7978
517
11407
512
11447
540
11363
518
11412
516
11411
509
11428
540
7389
7966
515
11422
513
11419
515
11431
586
490
7300
7971
487
11450
483
11445
514
11453
485
11431
487
11441
488
11475
521
11403
529
11405
525
11406
517
11416
535
11396
519
11415
521
11413
556
7396
567
512
11332
7960
506
11413
530
11401
539
11423
517
7389
7959
517
11421
509
11454
577
11362
535
11355
521
11412
516
11415
516
11420
521
7410
509
11431
515
503
11418
523
11404
491
11411
486
11451
512
11420
483
7452
483
11464
488
7441
483
11488
575
11403
572
11297
547
11374
536
11405
541
7365
577
11355
541
11385
573
660
7234
556
11340
530
11402
562
7359
7953
528
7410
7962
528
11411
535
11395
543
11359
554
7369
568
11370
540
11386
540
11400
544
11386
570
7362
549
7377
499
7976
503
11420
498
7426
500
11414
499
11437
497
11492
549
11336
530
11384
552
7400
539
11375
519
11403
497
11442
513
7423
488
415507
742
669
682
654
643
881
637
644
660
662
1059
525
513
509
508
502
502
520
500
510
489
503
503
505
4937
522
533
7366
525
7453
522
541
525
545
9796
530
7381
511
7420
499
7442
491
7450
493
7437
490
7453
496
7446
493
7441
491
7456
513
7429
574
7365
658
7268
646
552
7314
556
7274
579
7370
546
7365
534
7388
541
7409
547
7378
547
7401
571
7341
551
7372
541
7383
543
7399
540
7389
552
7371
547
7391
548
7370
576
533
7343
568
7380
532
7441
627
7249
524
7391
556
7380
525
7395
526
7421
523
7409
533
7379
499
7458
497
7436
529
7433
523
7395
509
7452
520
503
7381
496
7451
487
7442
514
7431
478
7475
565
7371
488
7475
499
7433
506
7437
503
7422
488
7482
511
7407
497
7437
488
7460
609
7297
517
7454
537
501
7400
489
7451
516
7409
486
7459
482
7471
492
7436
516
7482
555
7336
537
7378
528
7397
516
7409
493
7440
515
11427
516
11420
547
7393
7938
540
513
11451
526
11343
550
11373
530
11408
503
11437
516
11423
528
11712
799
6816
532
11413
7921
531
11395
525
11406
526
11402
521
11410
509
11435
551
7378
736
796
11016
660
11151
567
11363
518
11369
508
11442
516
7417
507
11419
502
11430
525
7430
560
7361
574
11320
525
11415
553
11362
527
11403
529
7395
515
11424
527
500
11456
527
11364
528
7668
819
10859
543
11375
537
11371
520
11427
530
11371
513
11438
570
7351
549
11383
506
11436
557
11372
548
7379
520
11415
509
500
11423
506
11484
502
7386
522
11393
481
11473
468
11512
535
7496
594
11259
537
11311
506
11464
520
7376
525
11417
516
11429
514
11427
511
11437
591
7347
557
509
11354
511
11500
532
11384
510
11395
513
11431
588
7468
536
11270
532
11370
515
11405
524
7426
565
11352
539
11377
525
11410
549
7381
517
11425
524
11387
517
504
11442
601
7321
562
11267
492
11489
491
11449
517
7407
523
11421
494
11443
494
11440
493
11466
536
7375
522
7410
7953
522
7423
581
11358
713
11199
595
532
11315
540
11417
532
11327
544
7373
548
11382
512
11419
546
7377
544
11409
520
11390
497
7446
7969
526
11407
523
11405
512
11411
7968
534
11409
487
493
11447
519
11423
490
11472
485
11391
483
11505
484
11446
475
11474
505
11442
535
7399
498
11425
481
11466
525
11428
496
11443
493
11455
494
11432
491
11452
486
481
11456
509
7440
7974
565
11357
485
11466
490
11452
500
11456
500
11437
485
7459
512
11453
483
11413
619
11336
496
11445
497
11470
488
7437
7959
555
11393
506
514
11397
515
11438
473
11458
474
11458
474
11469
471
11469
466
11475
493
11488
491
11435
480
11455
485
11468
499
7435
492
11447
487
11458
481
11467
484
553
7397
7940
7996
499
11412
494
11455
7967
522
11422
502
7426
494
11457
489
11422
490
7519
494
11413
480
11474
529
11402
497
11448
520
7421
489
7449
481
512
11430
518
11463
534
11358
476
11475
476
11459
475
7466
477
11470
482
11498
495
7422
511
11548
786
11014
557
11398
564
7329
540
11393
547
11387
518
11417
523
540
7365
513
7416
7968
791
11410
1025
10647
554
11307
532
11417
505
11400
520
11428
530
7383
515
11447
528
11403
560
11353
579
11356
592
7455
582
11304
534
506
11264
530
7388
526
11397
494
11470
507
11408
504
7404
490
11441
504
11451
491
11415
493
11449
507
7434
505
11456
538
11366
513
11424
505
7430
510
11433
548
498
11389
497
11429
521
7408
7969
520
7454
7932
523
11428
525
11392
516
11411
528
7408
516
11417
542
11388
516
11438
571
7330
520
11414
525
11411
524
534
7361
536
11400
482
11437
489
11439
489
7559
642
11205
519
11435
523
7367
532
11401
500
11435
546
7388
542
11385
514
11439
536
7514
7832
515
11429
505
503
11428
494
11461
492
7448
498
11435
502
11490
532
7339
535
11414
508
11418
509
11428
512
11422
512
11420
510
11424
502
7430
506
483479
722
628
759
640
631
672
647
650
628
579
672
633
806
997
992
1085
529
494
581
511
509
495
496
511
504
533
504
529
506
533
522
8224
503
7444
510
7428
510
7511
512
7426
507
7432
642
7262
526
7415
517
7471
577
7317
548
7368
539
7369
552
7378
523
7413
540
7401
530
497
7402
499
7440
520
7423
509
7437
516
7431
521
7413
500
7420
486
7445
489
7441
492
7474
496
7417
497
7447
537
7403
536
7411
551
7365
574
7333
661
604
7412
544
7146
532
7419
518
7387
552
7371
507
7412
502
7447
496
7438
524
7415
494
7454
500
7453
532
7430
561
7594
502
7175
512
7430
501
495
7441
497
7426
492
7472
503
7425
491
7450
493
7451
469
7491
472
7468
480
7439
479
7468
479
7432
487
7493
521
7417
498
7432
516
7425
523
7410
534
493
7380
503
403640
685
655
704
632
681
693
630
658
653
649
650
545
527
526
524
514
508
514
561
512
508
512
502
531
520
539
522
507
506
511
511
508
4977
513
7402
518
7426
515
7507
502
7435
502
7428
504
7440
502
7438
509
7422
502
7441
508
497
7427
521
7447
549
7381
523
7400
517
7446
536
7414
540
7369
563
7387
560
7368
543
7376
532
7397
536
7405
532
7397
531
7398
524
7422
547
7512
671
591
7106
548
7311
527
7387
525
7410
527
7461
575
7325
529
7355
533
7417
504
7427
488
7405
486
7531
486
7453
534
7401
520
7407
498
7444
491
510
7431
500
7464
547
7382
537
7397
506
7449
506
7436
503
7434
502
7449
569
11371
507
7433
7961
512
11436
539
11396
506
11439
505
7435
506
11441
514
513
11433
512
11395
537
7424
535
11363
515
11442
507
11444
533
7401
537
11415
512
11444
547
11384
574
7358
577
7371
541
11365
545
11412
550
11361
543
11385
616
617
11328
556
11257
580
7342
587
11345
549
11390
567
7360
547
11354
556
11415
555
11433
600
7265
565
11357
560
11370
589
7335
7966
551
7390
574
11351
552
531
11359
8031
8093
7821
7912
7971
7954
559
11365
584
11334
549
11391
567
11396
623
11407
603
11155
567
11347
537
11391
536
11392
565
11361
546
11386
549
7377
539
529
11595
589
11137
577
11370
550
11354
541
11391
546
11394
543
11387
547
11384
568
7375
584
11333
554
11372
576
11377
557
11352
549
11383
552
11383
583
535
11383
627
11372
546
11261
547
11379
541
11390
548
7382
7955
548
11401
544
11377
524
11411
540
11537
938
10832
592
11311
515
11421
512
11433
510
11435
507
496
11447
537
7404
519
11526
595
11261
575
11378
541
11357
538
11396
581
11340
549
11387
563
7366
602
11363
592
11288
550
11392
551
7388
556
11357
553
11381
565
523
7382
538
11464
593
11241
551
11363
538
11395
574
7348
563
11381
550
11388
519
7387
523
11456
565
11322
536
11391
561
7370
558
7369
562
11370
537
11380
551
527
11595
854
10988
569
11217
547
11379
552
11400
538
7358
549
11397
545
11383
558
11385
545
11404
592
11314
618
7287
547
11390
551
11381
557
11367
576
524
7385
563
11337
537
11448
544
11361
552
7450
573
11248
544
11377
543
11414
526
7376
527
11405
531
11458
580
11288
552
11381
535
7409
611
11328
584
11304
578
552
11351
581
11333
534
11445
558
7305
545
11395
565
11355
543
11510
592
7207
556
11396
554
7341
566
11398
596
11308
548
11404
561
7338
581
11356
549
11373
559
563
7435
7870
567
11416
619
11224
550
11379
519
11421
562
7384
7970
528
7406
7941
533
11591
798
10951
585
7316
540
11383
562
7363
563
11369
547
11379
552
560
7335
578
11456
597
11329
569
7283
591
11319
542
11373
545
11413
544
7372
550
11361
550
11395
552
11388
602
11299
561
11385
610
11295
553
11376
539
555
11358
513
11366
508
11475
516
11456
537
11398
534
11381
553
7381
523
11417
7964
525
11408
522
11416
512
7421
497
11460
527
11398
547
11400
555
11386
538
532
11386
544
11384
557
11423
533
11614
885
10813
552
11352
548
11389
543
11387
576
7346
545
11404
557
11370
564
11453
922
10948
621
11253
552
11384
568
11358
556
538
7355
530
11403
7991
7931
7995
541
11474
670
11214
7877
553
11375
532
11390
532
11390
530
11409
537
11394
562
11391
575
11335
543
7368
534
11404
553
11375
558
530
11382
538
7395
538
11377
539
11467
573
7284
566
11370
558
11362
575
7352
583
11352
548
11384
550
11336
557
7452
599
11302
553
11389
555
11362
549
524
7391
539
11407
551
11362
541
11417
552
11409
561
7305
540
11401
522
11421
538
7401
561
11338
532
11399
532
7402
601
11507
732
10999
581
11334
560
11371
579
543
11350
547
11399
544
11367
544
7371
544
11437
571
11311
520
7399
533
11412
514
11436
522
7415
503
11443
511
11436
521
11458
557
11343
547
11388
539
11394
535
533
11392
523
11426
511
7411
541
11410
524
11425
541
7389
509
11426
541
11396
509
11431
500
7449
508
11434
517
11425
494
11458
526
7406
529
11430
538
519
11378
526
11417
576
7358
573
11311
536
11449
562
11407
568
11330
590
7325
545
11381
546
11388
550
7408
639
7276
642
11361
7885
646
11215
565
11360
585
543
11345
535
11389
567
7345
570
11385
546
11368
569
7401
596
11283
509
11408
506
11448
502
7447
523
11396
499
11439
522
7429
543
11409
577
11329
528
11403
547
518
11397
516
11406
514
11420
516
11425
509
11429
543
7414
524
11411
519
11418
7967
524
11418
527
7410
506
11443
524
11423
7971
512
11436
543
7388
7963
537
514
11404
525
11413
532
11420
556
11412
532
11342
527
11482
542
11332
531
7407
524
11417
537
11397
559
11393
533
11390
544
11381
537
7425
7923
674
11225
7961
560
562
11364
543
11369
548
11397
555
382931
947
907
881
868
871
842
918
873
904
927
805
556
557
539
566
540
533
528
6447
527
7399
536
7488
539
7406
547
7383
548
7389
544
7389
555
7375
542
7403
525
7406
533
7401
540
7403
548
7326
548
551
7421
533
7396
534
7333
527
7445
549
7403
550
7390
541
7386
543
7402
539
7395
540
7392
541
7401
542
7393
544
7389
553
7402
613
7303
593
7327
596
550
7326
541
7372
570
7380
548
7533
677
7177
590
7408
627
7129
580
7357
587
7329
587
7338
579
7383
554
7344
579
7351
583
7349
559
7365
558
560
7347
513
7583
544
7197
538
7422
542
7397
545
7363
551
7396
552
7384
565
7352
530
7426
561
7314
536
7457
527
11412
573
11348
570
7366
563
7477
648
7812
585
7279
7924
559
11370
575
11362
554
11436
562
11304
557
7360
570
11363
545
11387
546
11407
552
7364
534
11391
532
11415
582
7325
536
11397
556
11368
540
512
11423
526
7333
521
11470
544
11420
614
11447
704
11108
602
11265
565
11365
593
7339
593
11335
576
11350
574
7352
575
11379
622
11279
583
11339
586
553
7347
565
11366
574
11373
552
7340
556
11383
556
11411
619
7258
588
11349
564
11375
584
7318
565
11375
538
11383
540
11391
539
11401
588
11329
553
11365
578
531
11349
534
11384
528
11417
552
11377
550
11382
574
7395
7923
550
11375
545
11389
557
11369
575
11381
550
11300
555
11429
553
11396
603
11305
553
11379
558
561
7333
542
11393
541
7387
534
11434
549
11369
869
11134
7928
595
11258
558
11377
549
11383
548
11382
529
11403
564
11365
543
11395
613
11313
595
11308
540
515
11384
525
11406
551
11415
545
11380
541
11387
548
11518
588
7242
585
11290
563
11368
565
11367
574
11356
576
11369
584
11345
579
11341
801
7103
565
11376
626
557
11290
558
11388
563
7335
565
11351
557
11378
577
7333
565
11412
582
11306
552
7448
620
11244
557
11355
553
11378
578
7343
575
11351
861
11058
585
545
7330
534
11381
524
11432
576
7334
7959
544
7376
7966
7972
567
11392
583
11313
555
11374
571
7350
565
11380
553
11373
546
11388
589
7341
576
11364
606
521
7322
533
11394
533
11427
542
7362
576
11364
538
7402
541
11376
565
11495
732
11076
583
11345
790
11093
569
11352
555
11373
584
7365
549
11364
556
11383
627
550
11275
543
11376
560
11400
566
7328
583
11349
555
11371
579
7361
8000
596
11295
589
11337
569
11352
553
7371
555
11385
581
11343
553
7379
554
11376
545
539
11385
540
11393
532
11405
563
7363
535
11419
541
11384
544
11376
556
11416
584
7295
548
11409
528
11381
530
11404
553
7368
561
11369
550
11385
562
7373
582
555
11321
525
11395
570
7341
535
11384
543
7388
555
11394
547
11411
678
7372
920
10903
617
11255
603
11326
583
11342
612
11312
585
11346
582
7344
584
539
11373
559
11353
553
11392
551
11344
554
11380
564
11356
580
11347
547
11397
552
11414
591
11294
536
11384
535
7393
533
11404
533
11402
539
11391
563
11356
537
518
11454
543
11352
547
11365
528
11403
550
7381
531
11432
542
11376
514
11429
539
11442
580
11320
561
11367
580
11353
578
11333
556
11394
571
11359
554
11372
549
527
11451
561
11304
547
7357
7972
538
11392
547
11392
556
7376
539
11399
622
11522
770
10949
583
11298
545
11387
547
11385
559
11373
556
11371
555
11378
551
566
11384
560
11354
569
7319
542
11423
560
11357
550
11396
549
7368
553
11358
551
11412
622
11280
579
11345
604
7322
563
11358
564
11368
563
7365
559
569
11307
545
11472
552
11339
550
7378
546
11367
538
11395
567
7353
583
11353
541
11410
543
11390
572
11321
536
7396
550
11397
541
11369
547
11384
540
7390
540
556
11371
545
11458
559
11350
620
7401
598
11160
558
11364
552
7369
561
11381
695
7283
7913
612
11309
566
11336
562
11377
567
11367
564
11366
560
11363
536
525
11396
534
11664
559
7128
554
11375
553
11356
568
11315
543
7447
548
11369
546
11384
536
11402
536
7362
517
11423
508
11419
539
11398
509
11424
507
11424
544
493
7417
525
7441
567
11313
523
11410
521
11428
524
7393
551
11385
518
11407
529
7407
525
11432
570
11332
531
11399
530
11405
528
11421
535
11381
538
512
7416
510
11424
531
11422
534
11367
526
7376
548
7372
551
11393
523
11412
523
7415
505
7609
7807
7931
577
11338
541
7388
533
11390
522
11394
554
11375
516
503
11413
555
7391
550
11437
540
11325
549
11402
534
11363
519
11422
507
11430
499
11456
514
11427
521
461968
874
1043
863
832
817
844
871
842
846
852
1065
848
862
622
542
576
539
520
530
526
523
527
542
8072
534
7407
539
7389
521
7414
521
7415
528
514
7383
519
7442
553
7363
568
7327
542
7437
539
7399
583
7346
564
7370
573
7358
536
7385
534
7408
531
7408
532
7404
522
7413
630
7451
687
603
7110
569
7273
549
7348
537
7441
595
7307
576
7346
554
7334
561
7398
564
7359
573
7351
571
7377
605
7290
653
7406
619
7164
528
7395
527
7397
524
540
7375
505
7425
519
7416
518
7428
517
7418
531
7431
559
7344
530
7390
527
7405
533
7421
533
7388
557
7367
526
7412
524
7412
528
7397
551
7378
537
531
7604
550
7131
520
7444
525
7376
541
7378
524
7447
525
7344
521
7450
541
7398
520
7418
515
7419
516
11455
794
7038
510
11487
561
11375
7917
555
526
11354
507
11426
516
11409
507
11430
543
11463
564
11298
518
11404
506
11504
604
11283
537
11347
550
11406
525
11403
529
11402
529
11398
510
7430
512
508
11426
506
11431
7965
507
11434
513
11438
529
11404
513
11443
508
11430
507
11430
505
11447
503
7428
506
11439
499
11446
498
11465
523
7411
7950
505
11437
480
480
11470
495
11429
476
11473
497
7444
504
11577
771
11034
493
7447
492
11457
498
11440
491
11471
495
7455
490
7436
498
11440
499
11454
535
7407
680
11238
586
7879
516
11412
542
7392
540
11403
517
11431
523
11453
571
11328
535
11373
522
11413
508
11455
504
7406
525
11423
499
11440
490
11476
506
7407
513
7429
511
477
11426
476
11470
476
11481
481
11454
487
11459
623
7328
509
11434
504
11424
497
11449
521
7416
508
11440
496
11442
491
11453
714
7224
529
11412
504
497
11439
499
11429
492
11449
519
7418
492
11464
496
11443
496
11464
522
7403
7967
506
7427
519
11430
543
11388
513
11428
499
11450
497
7428
545
7377
638
773
11119
7864
524
11387
513
11449
519
11386
522
11473
561
7309
522
11468
562
11319
530
11397
528
11404
522
11438
529
7387
528
11386
506
11445
613
7317
663
11231
521
514
11403
533
7405
518
11420
499
11437
501
11473
510
7563
796
11002
528
11385
545
7383
535
11412
524
11406
549
11376
502
11431
491
7465
529
7383
7955
503
492
7423
7960
498
11442
502
11439
505
11439
519
11414
509
11442
552
7342
7976
504
11441
510
11438
511
7409
492
11452
496
11448
488
7452
491
11466
583
622
11430
7814
8017
537
11262
534
11407
7928
541
11394
518
11406
534
7390
511
11450
533
11431
544
11398
524
11391
516
11414
504
11434
534
11341
508
11498
551
502
11338
496
11443
508
11428
523
11403
543
11426
519
11383
522
11410
512
11454
542
11356
515
11417
553
7372
516
11419
510
11420
552
11406
522
11384
528
11417
558
515
11344
522
11407
510
11428
511
11427
525
7417
517
11405
515
11451
523
7415
573
11316
522
11415
543
7380
530
11406
500
11436
505
7427
499
7440
501
7433
578
7991
7924
7878
523
11401
516
11408
530
11405
526
7389
546
11402
520
11417
563
7333
510
11436
503
11431
527
11411
503
11447
524
7419
529
11403
564
11383
580
524
11319
550
7362
515
11447
521
11394
518
11412
560
7371
7953
511
11440
766
7146
534
11413
504
11431
491
11467
472
11455
479
7465
478
11474
483
11447
771
770
10888
491
11428
509
7444
507
11409
491
11455
523
11414
482
11468
489
11479
504
7415
500
11435
492
11446
482
7469
503
11461
493
7432
529
7398
526
11414
550
571
11436
7852
526
11415
533
11377
520
11414
534
11414
527
7390
501
11401
536
11594
602
7148
7968
509
11422
522
11414
507
11434
517
7426
509
11410
508
503
11486
517
11336
505
11429
542
7363
530
11424
494
11442
524
7426
516
11431
502
11447
506
7418
496
11446
491
11452
494
11448
519
7423
518
11431
499
11442
487
511
7453
542
11391
519
11408
538
7398
516
11413
522
11419
535
7385
7966
520
11419
519
11438
7935
530
11393
509
7417
532
11404
523
11413
513
11421
542
498
7396
593
11412
670
11198
537
11361
524
11396
7945
521
11423
513
11410
507
11439
513
11445
554
11379
584
11305
535
11408
527
11403
557
11379
546
11362
526
11427
528
508
11461
537
11344
514
11420
580
7356
536
11375
521
7412
526
11418
527
11399
587
11435
614
11259
549
11319
7972
526
11392
516
11417
508
11425
512
11418
522
499
11404
526
11452
559
11355
513
11390
522
11401
504
11429
499
11458
495
11444
496
11488
571
7330
486
11454
494
11446
515
11428
495
7456
497
11436
496
512
11408
495
11472
532
7394
522
11415
497
11451
499
7437
499
11412
506
11485
501
11458
505
7425
612
11317
495
11443
511
7429
489
11456
483
11463
484
7457
482
484
11440
483
11467
641
11342
527
7383
505
11441
511
11427
545
7383
537
7393
506
11577
794
11044
7934
569
11343
566
11322
527
11445
528
11403
554
7375
554
510
11383
523
11406
515
11485
550
7304
568
11367
530
11407
519
7415
7948
521
11425
555
11372
526
11437
541
7335
534
11403
507
11440
511
7408
512
11424
537
494
7403
588
11390
601
11342
567
11351
563
11312
542
11361
563
7359
522
11402
524
11428
528
11412
554
11391
567
11338
534
11419
532
7379
557
11374
530
11405
533
549
383496
676
657
657
644
749
666
671
689
630
645
607
525
518
521
523
586
614
622
628
594
597
10454
545
7279
511
7422
509
7524
518
7413
522
7403
509
7445
529
7385
506
7440
507
7444
528
7421
543
7384
521
7439
553
7365
542
7388
534
524
7394
533
7401
530
7384
523
7426
528
7409
527
7402
526
7425
539
7394
528
7395
529
7426
534
7434
580
7300
572
7372
549
7368
545
7380
510
7429
517
504
7406
500
7494
522
7345
548
7382
538
7386
513
7439
514
7425
528
7404
560
7376
524
7412
541
7384
530
7420
515
7408
529
7416
568
7367
747
578
7058
527
7442
548
7378
524
7421
534
7375
526
7432
532
7374
527
7393
531
7419
535
7410
562
11347
537
11385
537
11384
517
11425
513
7425
483
11462
496
481
11443
509
11474
490
11409
482
11474
505
11415
482
11472
476
7471
491
11453
496
11445
494
11491
512
11394
500
7440
499
11446
517
11424
500
11445
524
7412
513
520
11393
499
11490
558
7344
532
11421
520
11405
518
11427
516
7431
523
11390
521
11408
551
7396
584
7328
555
11373
537
11416
526
11393
506
11442
553
537
11299
500
11430
505
11492
520
7337
514
11409
481
11465
482
11485
498
7398
545
11470
538
11346
516
7550
7836
588
11329
570
11363
553
11376
525
7404
522
512
11436
525
11377
515
11466
560
7322
518
11437
525
11389
518
11357
523
11446
531
11402
552
7382
538
11368
635
11311
532
11389
551
7373
551
11384
509
11425
500
488
11448
490
11433
489
11470
541
7346
496
7434
7953
503
11461
545
11379
519
7410
518
11415
526
11450
532
7382
585
11318
537
11396
527
11404
539
11582
941
846
10493
530
11334
550
7361
7984
536
11386
503
11409
494
11463
513
7432
520
11418
523
11395
553
7373
553
11404
570
11334
530
7404
526
11399
506
11421
479
475
11457
486
7470
473
11448
475
11532
505
7390
516
7418
544
11401
520
11436
525
11390
516
11415
526
11402
520
11434
559
11350
527
11404
547
11405
519
11392
532
503
11400
508
11424
516
11413
517
11461
572
7318
524
11396
553
11385
565
11343
532
11429
522
11415
520
11413
524
11424
570
7332
527
11411
504
11426
606
790
11375
7682
521
11315
512
11405
495
11491
527
11343
534
11410
537
11402
519
11389
517
11567
519
11264
514
11421
527
7399
583
11343
532
11399
527
11402
554
11380
533
507
11365
502
11440
494
11445
497
11463
508
11413
514
7428
512
11424
500
11447
515
11433
491
11458
523
7408
499
11456
523
11408
497
7440
496
11396
478
481
11470
486
11482
481
7452
477
11448
477
11489
513
11418
497
11440
510
7433
495
11458
503
11427
500
7450
495
7452
7964
502
11458
511
7424
514
11402
552
596
11365
534
11377
585
11317
562
11321
540
11421
552
11357
532
7378
538
11394
514
11434
524
7387
524
11436
523
11388
528
11417
564
7342
505
11449
514
11398
506
490
11420
522
7402
523
11414
503
11431
501
11462
578
7338
554
11379
543
11473
690
11148
551
11372
542
11407
528
11377
528
11425
574
7331
541
11399
533
7377
531
492
11442
501
11408
526
11423
502
11447
519
11417
534
7379
527
11410
502
11444
498
11471
497
7433
524
11401
495
11448
499
11473
499
7408
504
11442
481
473
11455
490
11445
471
11482
490
7451
498
11440
482
11498
536
7387
7965
511
7431
7961
491
11458
499
11447
495
11453
522
7402
522
11439
544
11385
556
7370
523
540
11369
510
11425
540
7395
543
11389
520
7401
517
11469
548
11344
551
7481
711
11139
555
11339
560
11369
540
11393
564
11387
498
11426
537
11370
498
480
11406
477
11480
479
11451
500
11465
473
7447
512
11442
515
11461
505
11414
497
11429
497
11447
498
11441
494
11448
523
11427
542
11382
524
11429
572
11340
537
512
11384
513
11423
543
7376
516
11454
521
11383
517
11424
529
11439
556
11342
527
11411
567
11384
516
11397
515
11422
517
11410
499
11437
515
11429
536
11381
548
495
7352
7955
492
11456
491
11443
522
7417
523
11423
546
11416
575
7322
8304
7661
589
11282
531
11397
521
11412
551
11372
598
11322
557
11388
571
11338
531
501
7373
527
11546
495
11305
516
7439
502
11450
524
11400
519
11465
556
11321
521
7402
523
11420
606
11344
586
7295
490
11435
483
11458
481
7463
495
482
11407
496
11456
477
11456
476
11475
478
7471
502
11431
495
11409
498
11507
512
11402
520
7415
499
11446
500
11441
494
11460
511
7394
653
7294
513
7435
523
496
7405
550
7378
523
7490
531
7389
521
7391
550
7395
533
7376
553
7416
824
7234
923
7072
601
7051
560
7366
502
7429
518
7404
497
7446
495
7443
496
487
7439
493
7436
494
7447
499
7445
512
7436
512
7425
516
11419
7956
8012
586
11298
524
11409
521
11430
526
11378
522
11412
515
7416
522
11420
652
664
11118
525
11379
547
7381
546
11385
516
11415
510
11428
551
7380
537
11401
643
11325
595
11284
545
11390
563
7360
7955
526
391756
721
662
637
617
633
363927
691
642
672
657
604
625
572
569
528
549
529
556
526
568
533
517
541
519
648
647
689
548
523
514
525
508
540
542
542
512
539
508
528
510
674
540
507
500
542
500
541
509
8041
519
498
7499
803
7452
852
6784
555
7337
561
7435
625
7207
522
7427
505
7416
530
7424
557
7362
532
7374
508
7419
505
7432
504
7430
501
7435
497
7448
500
498
7453
513
7414
550
7414
519
7404
541
7366
551
7389
539
7387
519
7407
546
7393
524
7414
523
7398
532
7411
524
7386
521
7441
532
7383
550
517
7401
514
7402
516
7409
546
7412
569
7318
520
7409
498
7435
495
7428
502
7443
498
7438
500
7420
495
7483
502
7409
501
7430
517
7394
704
7246
536
513
7388
628
7446
689
7161
562
7314
545
7386
541
7393
553
7345
576
7333
562
7376
572
7382
609
7296
575
7350
577
7373
568
7345
565
7351
554
565
7320
557
7380
533
7379
516
11429
516
11443
526
11414
503
7432
507
11420
526
11395
538
7395
7958
531
11404
510
7416
7983
547
11364
533
11401
526
11405
526
525
11407
534
11403
526
11393
520
11394
522
11458
543
11343
526
11405
538
7389
520
11422
519
11416
550
11392
523
11383
524
11430
553
7357
534
11391
532
11402
535
513
11388
769
11253
579
11254
530
11403
522
11420
515
11395
511
11410
537
11408
516
11408
506
11449
510
11410
510
11414
509
11445
598
11311
559
11373
534
509
11407
517
11402
520
11423
523
11404
548
7388
521
11445
549
7362
528
11390
525
11403
519
11418
617
11369
602
11271
7948
552
11400
600
11305
558
7370
550
571
11323
527
11420
540
11417
539
7370
536
11386
514
11482
549
11316
536
7376
526
11410
562
11377
526
7400
536
11400
532
11383
551
7419
574
11334
545
11380
556
519
7388
528
11396
529
11407
552
11380
524
11419
530
11409
548
11346
534
7393
516
11443
522
11385
516
11421
543
11396
516
7419
514
11437
544
11376
550
7381
521
546
11365
508
11475
571
11399
549
7300
524
11378
493
11483
520
11411
512
7397
525
7389
561
11463
7891
567
11328
525
11421
557
11348
590
11348
577
11352
556
537
11375
561
7364
534
11411
538
11381
523
11397
553
7477
574
11228
535
11447
523
11408
543
7394
536
11405
526
11417
524
11411
535
7412
535
11399
504
496
11422
496
11502
517
7418
524
11396
521
11387
508
7412
7969
7972
509
7438
7952
499
7444
489
11427
483
11489
482
11446
486
11476
493
11460
544
7386
528
11412
498
495
11440
527
7404
527
11415
498
11440
509
7445
508
11438
648
7258
508
11461
514
11456
558
7660
804
10831
525
11411
541
11405
544
11404
599
7295
541
544
11357
518
11420
7956
515
11641
629
11129
549
11327
545
11373
562
11394
532
11357
519
11412
515
11418
514
11419
512
7426
506
11428
529
11410
534
11425
608
522
11298
529
11389
532
11381
518
11415
504
11582
517
7274
523
11432
521
11453
581
11304
525
11415
521
11407
527
11408
514
11418
550
11351
526
11439
523
11423
567
517
11341
519
11400
534
7398
7967
502
11424
504
11426
510
11427
504
7555
542
11251
494
11479
598
11343
558
11357
524
11392
535
11398
7956
510
11410
853
11079
547
525
11381
522
11422
545
7395
567
11343
513
11423
520
7415
516
11579
824
10959
514
11443
509
11414
504
11441
532
7425
553
11367
511
11432
514
7419
519
533
11399
512
11428
503
7425
510
11427
492
11465
504
11526
526
7363
511
11411
513
11429
554
7375
566
11375
536
11534
684
11243
632
11135
584
11367
560
7346
629
540
11293
541
11385
582
7338
540
11409
540
11374
549
11382
571
7353
557
11410
586
11306
554
11371
591
11343
547
11380
557
7371
551
11387
605
7342
583
542
11375
538
11329
549
7378
541
11403
529
7420
623
11397
7878
7905
557
11364
565
11399
584
11294
545
11386
589
11344
564
7350
561
11381
566
11362
593
7343
619
558
11360
546
11303
549
7379
7936
554
11397
582
11344
554
11371
557
11421
563
7374
600
11278
562
11363
565
7364
559
11373
550
11377
595
11334
559
11372
558
571
7350
577
11350
538
11371
531
11405
536
7405
534
11373
533
11399
563
7366
562
11413
566
11311
542
7387
546
11395
553
11376
554
11390
552
7394
553
11351
551
532
11473
547
7305
550
7369
544
11378
674
11294
599
11279
7965
554
11378
547
11382
558
7412
595
11293
544
11386
555
7364
7985
7967
568
11328
553
11379
555
541
11368
538
11450
586
7248
527
11424
531
11407
663
11312
549
11326
540
11381
539
11387
531
11424
571
11329
555
11375
582
11367
557
11362
583
11331
569
11361
586
537
11476
876
10951
540
11340
547
458507
946
902
963
907
926
900
903
887
878
882
680
552
534
553
545
580
554
548
552
551
542
531
558
765
634
549
552
549
584
550
553
523
517
10185
534
7397
541
7413
534
508
508
10422
513
505
552
10346
557
7367
521
7431
522
7423
520
7416
517
7435
521
7429
516
7427
509
7430
513
518
7413
515
7426
538
7438
534
7393
558
7382
528
7414
534
7404
520
7426
527
7494
795
7046
525
7447
525
7423
553
7374
553
7385
552
7394
508
7437
505
525
7394
497
7480
801
7440
918
6938
736
6988
559
7329
555
7342
551
7461
571
7347
569
7348
563
7380
535
7396
535
7399
554
7392
583
7353
583
7344
627
598
7230
573
7355
552
7375
551
7394
565
7365
558
7359
559
7382
563
7373
555
7391
568
7355
897
7034
619
7278
592
7340
557
7377
550
7373
545
527
7396
530
7397
533
7393
537
7407
541
7385
536
7571
907
6853
563
7354
546
7355
574
7364
569
7363
546
7385
571
7363
571
7358
555
7372
547
7392
549
561
7332
637
7392
701
7182
601
7267
565
11368
545
11369
553
11401
549
7518
548
11241
549
11407
627
7269
576
11377
607
11298
567
7359
539
11410
551
527
11325
519
11376
501
7509
521
7420
606
11413
551
11312
560
11356
538
11406
576
11312
569
11387
525
11424
539
11396
535
11427
644
7278
550
11382
538
11410
573
522
11352
517
11419
522
11521
567
11291
548
11379
548
11369
579
11376
558
7342
7974
557
11378
562
11369
675
7264
7929
571
11360
556
11370
541
11392
544
11389
534
517
11400
518
11414
529
11448
576
11329
541
11342
546
11410
611
11298
550
11397
548
11378
580
7348
543
11421
7928
556
11370
555
11373
551
7382
560
11375
547
540
11362
559
7364
7975
543
11578
914
10915
7838
571
11377
565
11388
626
11292
633
11245
571
11360
586
7356
630
11268
554
11365
507
7434
527
11422
555
520
11356
538
11425
536
7394
535
11447
539
11343
543
7368
573
11372
551
11369
591
7342
552
11380
552
11373
549
7406
595
11319
556
11364
551
11398
557
7352
549
523
11399
540
11412
545
11366
541
11441
602
7284
7930
553
11410
559
11355
559
11375
548
7388
561
11393
559
11396
703
7158
565
11365
533
11349
537
11447
538
518
7377
525
11439
578
11337
521
7451
633
11338
596
11253
581
11353
565
11357
582
11335
552
11380
552
11408
555
7350
888
11055
594
11302
562
11347
549
11406
531
523
7378
531
11439
575
11366
544
11433
568
7301
547
11386
579
11364
538
11394
552
11387
551
7361
569
11368
545
11402
605
7292
536
11401
552
11372
540
518
11381
551
7399
531
11410
526
11401
537
11408
570
11335
582
7342
570
11369
557
11365
550
7377
543
11395
550
11387
548
11412
604
7283
590
11341
564
11374
607
542
7306
572
11360
552
11368
571
7669
932
10757
601
11257
572
11372
576
11328
580
11366
566
7363
567
11347
553
11382
587
11386
588
11282
550
11379
544
11385
548
513
11391
531
11403
559
11391
534
7379
8003
574
11309
546
7385
544
11387
549
11402
569
11353
590
11300
554
11405
555
11385
853
11064
555
11361
552
11381
589
540
11349
536
11377
537
11387
536
11420
564
11411
567
11238
550
11437
540
11393
556
11372
544
11392
588
7340
553
11404
545
11373
611
11313
563
7342
527
551
11381
525
11423
582
11385
734
11167
647
11630
904
10680
637
11204
593
11329
562
11355
547
11374
529
11401
524
11451
550
11352
529
11436
637
11260
561
11373
592
556
7341
553
11359
546
11389
582
7347
576
11364
555
11409
581
7290
557
11369
520
11403
517
11426
543
7398
538
11409
497
11440
502
7450
516
11417
503
11443
501
532
7393
533
11374
497
11486
499
11448
515
7449
514
11430
529
11422
514
11411
523
11419
538
11406
513
7430
509
11436
508
11436
531
7416
524
11416
533
522
11375
519
11459
525
7391
532
7452
8078
730
11088
584
11577
600
11058
580
11345
550
11379
551
11399
558
7360
570
11349
537
11399
504
7421
578
11361
540
519
11377
553
11400
524
11392
528
11421
570
7337
573
11364
529
11400
534
11400
545
11395
522
7424
524
11481
523
11357
543
11397
514
11428
518
7433
525
11420
550
520
7385
520
11412
513
11426
517
7411
7980
513
11445
514
11539
785
7026
521
11443
511
11415
520
11429
530
11411
491
11447
493
7454
492
11426
777
11191
506
495
11380
499
7497
501
7448
502
11504
601
11479
727
11060
573
11345
614
11271
559
11367
585
7343
575
11359
551
11379
551
7379
551
11362
559
11416
607
11295
581
530
7355
542
11379
533
11418
535
11391
570
11368
548
11351
541
11450
578
11307
558
11383
569
11349
547
7382
7959
538
11398
541
11392
535
11400
533
7401
577
7877
526
11416
523
11404
522
11425
579
7349
7951
540
11403
548
11401
550
11415
614
7262
7959
544
11396
612
11352
634
11383
657
11142
598
11304
556
11394
622
563
7258
548
11384
550
11382
626
7460
7829
7940
582
11324
561
11361
550
11417
585
11307
564
428471
941
879
884
840
854
849
859
893
890
863
878
715
542
518
518
521
516
518
526
570
541
530
535
532
533
544
581
535
7590
540
7408
533
7415
538
7473
546
7399
548
7387
555
7374
550
7390
551
7386
555
7386
591
7335
573
7354
570
581
7321
557
7363
554
7396
555
7377
561
7358
555
7380
559
7376
535
7394
547
7390
537
7397
538
7405
537
7398
551
7372
532
7429
621
7283
612
862
7396
920
6635
608
7291
603
7285
568
7391
562
7457
603
7206
558
7370
563
7375
568
7355
555
7396
555
7365
558
7366
552
7335
558
7438
565
7347
578
545
7368
845
7097
591
7280
580
7358
549
7378
548
7375
548
7399
532
7390
530
7398
537
7400
536
7393
544
7405
867
7051
595
7313
573
7351
561
7377
559
571
11346
546
11384
548
11380
580
7345
582
11520
925
10833
559
11341
574
7355
577
11367
556
11373
556
11371
548
11384
576
7355
591
7352
622
11276
566
664
11573
729
10965
567
11265
553
11363
564
7377
557
11496
585
11198
569
11356
540
11393
569
7354
543
11379
539
11391
546
7380
529
494600
1111
854
882
892
894
878
868
871
868
1033
871
887
705
582
598
591
527
550
512
592
680
532
510
528
501
528
498
520
519
515
526
504
521
10122
502
7430
513
7426
525
7506
532
7399
525
7425
504
7451
524
7404
518
7438
502
7430
513
7418
511
7449
535
7388
535
7390
533
516
7408
519
7400
516
7430
539
7507
687
7377
709
7013
585
7271
551
7383
544
7337
539
7439
530
7423
548
7380
554
7372
567
7357
573
7369
628
7279
573
537
7359
540
7413
541
7370
564
7352
561
7369
570
7372
579
7347
539
7392
546
7390
541
7428
537
7343
514
7420
518
7394
509
7417
507
7436
510
489
7428
494
7430
498
7446
523
7399
540
7409
552
7413
546
7361
528
7391
527
7421
563
7387
531
7377
531
7407
530
7415
524
7395
558
7383
532
7400
529
508
7605
805
6939
522
7386
524
7482
629
7359
676
7193
590
7252
567
7362
571
7349
540
7333
514
7471
536
7396
508
7439
551
7368
516
7399
517
487
7403
517
7432
492
7468
511
7445
501
7435
492
7472
501
7413
499
7452
501
7446
501
7466
503
11415
500
11449
492
11448
496
11445
492
11455
500
11443
515
497
11372
488
11517
498
11429
498
11433
500
11443
490
7457
510
11426
496
11451
524
11425
520
11426
496
11431
486
11459
488
11452
483
11462
483
11478
481
11450
501
492
7436
482
11464
511
7414
540
11496
576
11276
518
11414
512
11434
526
11401
521
7417
522
11455
559
11328
533
11401
565
7352
554
11383
537
11395
557
518
7357
552
11621
710
11048
624
7259
567
11312
7965
7970
533
11382
519
11415
549
7338
8025
533
11411
537
11375
601
7348
643
11261
592
11293
543
11390
560
522
11322
508
11435
536
7474
7888
528
11391
548
11506
525
11294
519
7405
508
11421
524
7425
7953
504
11474
569
11339
531
11399
559
7360
544
11393
530
11400
522
510
11429
519
7400
523
11448
528
11356
512
11399
505
11424
528
7416
500
11441
500
11437
504
11430
504
7445
492
11476
488
11426
506
11425
526
7404
496
11440
494
486
11434
507
11465
680
7248
517
11395
502
11440
496
11459
507
7414
531
11414
502
11444
493
7449
508
11461
603
11383
657
11201
558
11366
553
7379
535
526
11374
526
11414
534
11464
721
7165
540
11342
505
11424
554
11376
528
11407
560
7371
554
11367
509
11450
536
7379
508
11407
510
11426
513
11427
534
7379
535
501
11395
516
11445
530
7373
634
11332
538
11346
558
11395
530
11386
521
11417
519
11405
526
11407
525
11436
579
11328
557
11364
525
11408
532
11397
528
11400
524
525
11388
544
7392
513
11457
534
11363
552
11396
524
11357
520
11441
533
7416
515
11401
498
11445
499
7484
7936
616
11263
7952
538
11402
7957
517
11412
517
494
11438
525
11411
531
11387
548
7428
547
11340
7951
512
11426
509
11426
523
11424
519
7400
7971
503
11447
515
7443
7941
543
11384
533
11400
532
11399
538
515
11381
549
11410
526
11388
529
11438
542
7341
7953
522
11417
551
11388
522
11410
504
7404
502
11583
914
10858
556
11375
513
7424
510
11410
515
11419
534
493
7403
518
11416
514
11432
528
7393
626
11339
535
11351
555
7379
520
11414
535
11398
518
7415
517
11563
889
10888
604
11305
570
11355
546
11367
545
11406
535
505
11423
533
7362
553
11373
516
11459
536
11388
532
7351
532
11396
504
11441
469
11470
499
7439
501
11454
476
11486
514
7415
512
11419
541
11391
505
497
11426
541
7397
514
11436
515
11394
517
11444
564
11330
518
11411
513
11416
524
11417
522
11431
521
7379
548
11391
523
11428
553
7354
516
11423
542
11392
523
500
11411
542
7385
517
7413
7963
509
11445
691
7233
565
11347
527
11400
517
11434
502
426169
683
692
649
676
626
642
610
666
604
636
624
675
644
722
949
913
841
866
822
817
809
743
536
583
514
514
6547
529
7407
518
7431
519
7497
523
7416
517
516
7410
529
7390
520
7433
520
7408
500
7456
511
7441
504
7588
504
7269
505
7464
501
7419
539
7403
505
7446
501
7437
486
7456
482
7468
488
490
7434
487
7473
488
7445
489
7459
488
7552
572
7298
534
7402
528
7409
531
7430
505
7422
526
7415
504
7445
501
7451
508
7419
511
7433
508
7439
728
594
7094
525
7407
516
7448
526
7412
531
7379
531
7385
511
7424
507
7468
608
7315
510
7414
501
7448
503
7440
501
7437
519
7426
485
7460
898
7029
517
497
7422
493
7428
504
7418
487
7477
512
7442
506
7410
528
7418
500
11446
496
7451
494
11442
495
11458
506
11430
498
11441
499
11442
495
11438
485
488
11461
497
11424
487
7455
482
11486
490
11438
483
11485
532
7385
518
11416
484
7459
489
11449
490
11417
500
7490
487
11450
478
11472
518
7413
563
7554
849
7503
524
11333
514
11415
536
11409
510
11445
590
7327
524
11427
530
11391
520
11417
516
11414
496
11446
516
7423
488
11455
489
11464
517
11411
528
11414
494
491
7425
487
11471
493
11472
482
7466
482
11440
504
11447
494
11413
491
7498
485
11434
485
11458
490
11457
490
11453
479
11463
501
7599
513
11275
484
11456
500
471
11437
473
11468
480
11494
478
7484
490
11416
489
11475
506
7413
491
11483
493
11418
490
11461
490
7442
492
7455
497
11456
518
11383
608
11362
722
573
11151
553
11381
524
11412
531
7383
551
11376
526
11396
517
11468
553
7318
551
11396
526
11416
520
11389
523
11441
514
7383
520
11418
501
11447
555
7353
497
515
11396
489
11453
513
7417
483
11472
497
11450
493
11468
505
11433
515
11416
506
7419
525
11420
495
11444
510
7436
496
11451
508
11430
506
7440
522
11391
510
494
11430
493
11463
495
11453
491
11455
490
11435
488
7455
495
11472
514
11410
495
11447
527
11424
493
11444
477
7469
475
11441
475
11506
7935
693
11226
515
488
11405
481
11455
474
11460
484
11480
515
11443
499
11424
497
11665
681
11043
532
11406
522
11404
520
11549
915
10902
566
11343
536
7400
522
11421
548
525
11362
7964
517
11419
514
7424
7977
543
11384
539
11396
538
11392
535
11438
595
7301
7946
531
11411
534
11395
506
11422
532
11399
517
11361
559
11371
619
553
11269
495
11432
487
11452
506
11443
531
7399
519
11445
518
11400
515
11463
548
7353
519
11392
515
11414
545
7380
548
7390
536
11392
595
11370
630
11206
700
638
11151
525
11401
534
7402
519
11393
526
11431
528
7367
551
11395
531
11425
588
7307
552
11384
528
11401
506
7425
502
11427
489
11449
7962
482
11469
500
474
7495
510
11378
499
11417
522
7423
515
11446
518
11399
516
11425
547
11390
528
11423
559
11344
557
7370
539
11397
531
11411
530
11398
538
7381
530
11408
514
502
11473
562
7320
517
11436
518
11397
518
11411
556
7394
529
11386
522
11414
520
11401
552
11393
528
11404
529
7399
497
11437
732
11212
883
11012
576
525
11411
543
7283
523
11430
534
11433
546
11371
552
11361
576
7350
545
11393
545
11398
571
11336
585
7340
540
11392
536
11394
542
11389
578
7353
549
11393
554
536
11505
685
11096
543
11376
535
7391
531
11393
536
11385
558
7368
552
11384
527
11431
571
11331
539
11394
517
7412
516
11430
508
11399
512
11421
535
7392
533
500
11434
512
11380
546
7389
550
11378
514
11416
531
7409
517
11425
528
11399
535
7394
513
11445
526
11396
542
11406
525
11409
519
11405
525
11410
521
500
11404
532
7406
504
11466
570
11372
577
7351
546
11396
576
11652
994
6852
1016
10697
606
11317
549
7346
8013
7901
7987
7937
7957
526
11416
515
11427
532
506
11409
513
11413
8112
571
11216
533
11403
523
11417
544
11421
519
11400
517
11423
515
11427
512
11436
529
11413
518
7423
535
11394
521
11413
501
11443
529
11403
500
497
11447
504
11445
509
11423
503
11443
527
7404
501
11447
509
11433
524
11443
496
11429
508
11417
528
11425
496
7429
512
11449
488
11431
489
11458
510
470
11419
481
7457
486
11515
548
7352
541
11402
508
11467
551
7331
524
11395
547
11420
538
11418
522
7402
573
11320
530
11397
551
7393
619
11314
582
11319
561
566
11329
542
11371
557
7424
545
11312
520
11414
518
11455
532
11391
539
11358
539
11397
509
7442
503
11456
550
11362
542
7374
506
11436
504
11443
7932
526
7930
7946
518
11450
558
11432
551
11317
522
11397
547
7374
539
7455
7905
529
11426
527
11384
517
11409
524
7428
590
11315
529
11398
524
7411
532
11411
606
528
11295
531
11399
558
11368
527
11447
543
11346
543
7362
552
11392
525
11450
623
7268
7938
488
11440
513
11448
528
7389
514
11424
505
11433
533
402127
691
674
608
640
633
646
619
643
645
606
684
657
614
573
534
524
524
528
520
521
512
572
521
7410
542
7382
532
7487
713
7155
588
7311
535
7398
538
7399
531
7399
539
538
7380
532
7396
523
7421
533
7437
541
7391
539
7375
521
7397
545
7405
580
7335
526
7415
538
7394
524
7404
509
7437
521
7407
523
7406
534
7405
529
523
7396
524
7453
614
7316
573
7315
536
7384
568
7359
548
7385
534
7394
520
7394
530
7446
600
7308
552
7375
542
7388
528
7399
534
7421
540
534
7377
527
7371
536
7403
523
7419
532
7417
534
7378
542
7401
531
7376
505
7455
515
7395
651
7306
542
7343
514
7424
501
7440
527
7418
516
7429
516
518
11414
510
11445
548
7371
514
11428
524
7424
7957
501
11464
546
11394
539
7405
560
11389
543
11474
7866
7952
526
11406
516
11440
526
7388
552
11386
524
507
11425
512
11458
582
11300
555
7375
546
11392
526
11391
537
7380
497
11439
512
11427
497
11459
527
11358
495
7431
490
11457
516
11426
495
11443
501
7438
506
526
11403
497
11475
503
7417
494
11423
502
11447
503
7426
502
11453
521
11414
495
11443
522
7434
7970
529
11400
539
7388
529
11407
519
11418
521
7407
514
507
11434
502
11448
591
11370
532
11342
520
11395
508
11415
513
7423
489
11442
495
11457
488
11452
604
7360
593
11328
7926
516
11419
550
11395
519
11416
516
498
11450
498
7432
491
7434
519
11410
495
11449
500
11462
493
7431
523
11417
497
11446
497
11443
521
7429
528
11409
494
7503
7917
588
11330
550
11384
567
528
11339
507
11424
533
7410
502
11472
510
11395
504
11427
483
11464
515
7414
509
7430
503
7455
490
7439
511
7449
485
7463
540
7493
536
7317
927
7111
943
906
6479
534
7343
537
521905
675
820
634
607
623
605
609
586
650
597
581
588
725
1006
989
974
992
880
496
525
495
527
503
518
510
504
520
500
523
498
521
496
530
491
495
519
471
486
483
478
497
501
11383
470
7463
472
7497
484
7531
505
7417
681
664
7154
582
7290
562
7375
545
7393
528
7398
527
7399
521
7420
531
7528
522
7276
533
7399
516
7467
558
7333
557
7376
563
7365
530
7399
533
7404
529
515
7396
525
7400
515
7424
518
7416
520
7411
518
7464
547
7338
537
7403
501
7411
537
7404
535
7388
503
7439
510
7421
538
7388
540
7395
509
543
7389
545
7431
573
7313
538
7386
514
7415
542
7405
525
7398
509
7401
500
7447
501
7436
497
7446
498
7447
495
7457
520
7413
503
7440
530
7416
543
521
7371
532
7416
526
7421
524
7363
515
7437
525
7405
521
7405
524
7443
519
7395
504
7430
508
7485
653
7360
687
7039
554
7373
522
7416
492
7436
535
506
7446
526
7509
555
7287
536
7461
514
7318
513
7401
534
7422
498
7445
519
7432
508
7428
532
7410
502
7563
512
7317
511
7428
749
7190
513
530
7387
505
7441
505
7453
499
7431
529
7411
504
11438
533
11416
532
11413
476
11469
487
11442
484
11461
483
11464
480
11458
502
11459
479
11447
485
11459
497
512
11428
538
11411
498
11424
502
11436
509
11435
500
11449
495
7444
492
11448
500
11471
560
7350
659
11283
7959
534
11393
508
11433
510
11429
526
11418
513
505
11625
777
6952
508
11598
595
11216
533
11365
510
11420
7963
509
11450
490
11441
505
11459
567
7331
7949
498
7461
497
11464
540
11367
506
11390
516
11459
520
503
11450
507
7416
504
11424
499
11458
501
7418
511
11435
506
11433
526
7410
520
11431
504
11430
503
7435
496
11400
494
11499
493
11451
528
7421
521
491
11410
498
11470
505
11416
503
11444
501
7426
7971
538
7395
7988
479
11479
486
11425
497
7460
506
11413
491
11463
482
7434
510
11439
480
11467
488
7453
499
494
11452
501
7542
814
11240
7841
576
11266
541
11404
549
11361
533
11387
565
7371
527
11401
529
11426
569
11336
537
11388
535
11398
558
7376
528
11405
518
509
11399
515
11453
512
11397
505
11427
502
7434
501
11459
498
11425
479
11467
504
7437
480
11436
511
11457
493
11449
514
7430
489
11455
482
11464
503
11434
524
498
7400
515
11456
501
11449
502
11413
503
11442
519
7420
7972
503
7435
7975
508
11429
495
7404
510
11479
507
11412
504
7482
505
11422
493
11449
518
495
7431
503
7438
558
11678
7709
558
11346
587
11340
553
11365
528
7401
527
11403
511
11401
500
11463
543
7371
520
11403
509
11423
513
11422
526
11406
572
513
11334
516
11423
516
11649
616
11079
523
